144.71828
145.74966
144.05954
144.56024
144.458
143.8946
144.47705
145.46606
146.6854
145.38043
145.58981
145.46878
145.41603
144.73317
145.01213
144.19379
144.62343
144.7652
144.57564
143.58728
143.60258
144.80162
145.39006
144.57591
144.31142
144.46709
143.70343
143.90038
145.21735
143.06255
142.68341
142.8205
142.96925
142.26628
141.95525
142.24825
143.88252
143.06209
143.41142
143.172
143.95967
143.86122
143.4977
143.2947
144.26567
143.35004
144.06805
143.93417
143.343
144.3264
142.8114
142.23714
142.30467
143.02264
144.14632
142.84717
141.86128
141.85577
142.6413
142.8356
144.12799
143.13202
143.56293
144.52847
144.98161
144.78647
144.89545
145.34715
145.12762
145.59418
146.32127
145.86275
146.38373
146.3234
145.39459
146.10948
144.9502
144.79617
143.35489
142.9252
143.5356
142.1787
143.11378
142.98267
143.08934
142.89265
143.38792
143.81223
141.96013
142.55698
142.81079
143.66939
144.39049
144.7253
144.37784
144.23917
142.73817
143.35039
143.0041
143.93488
143.7727
144.87796
145.19415
143.30325
142.77692
142.0904
143.8806
143.9887
143.96712
143.84871
144.18169
144.10017
144.66629
144.44243
144.38959
145.28712
145.7242
145.23384
146.65584
146.66061
146.34909
146.71413
146.19681
145.67137
145.42496
146.14519
145.00058
143.55614
145.53946
144.54114
144.68742
144.22536
144.8499
144.97327
144.37547
144.28683
143.40521
144.3632
146.60536
146.00323
145.08832
144.9862
143.89354
142.42929
142.70479
143.47511
144.71863
145.49632
144.69547
145.35454
145.73422
145.40892
145.0809
145.75522
145.889
145.55133
144.74976
144.85675
142.6211
142.68259
143.05333
144.25656
143.09512
143.49881
143.47118
144.017
144.92108
144.85052
143.906
144.95822
145.17706
145.02
144.3309
143.62195
143.08215
143.67671
142.56226
142.69894
143.39452
143.76921
143.6082
143.39894
142.71219
141.75726
142.7212
143.78404
144.5711
144.51712
144.52559
144.39389
143.57797
143.51245
144.44489
145.56729
146.17366
147.53375
147.64352
146.72392
146.11143
145.72403
145.51712
144.56969
143.45721
143.09271
143.32613
143.84023
143.9686
143.92119
144.30754
143.8469
142.51675
143.73903
143.87343
143.75539
143.97672
143.61508
143.25342
143.24286
142.81075
144.01277
143.30086
143.6517
143.08076
142.42563
143.18192
144.78522
144.57692
144.77682
144.3801
143.92073
143.0599
143.0854
143.9245
143.40239
143.28516
144.62
143.26259
144.10298
143.43312
144.06918
143.63953
143.4003
144.25449
144.15869
144.55379
144.08292
143.64922
143.67456
143.73688
144.5483
143.81664
144.95319
145.60324
145.27782
144.2547
144.14919
143.61748
144.51468
145.61064
146.07495
145.23442
145.1268
145.69064
145.08226
144.59323
144.4276
144.67145
144.46957
143.0183
143.36732
143.12436
144.43791
145.19725
145.11546
144.84575
144.97119
142.91052
144.18756
144.28535
144.78636
145.43501
144.29593
143.93129
144.4573
144.05533
144.06151
144.7584
143.49223
144.08781
144.20053
144.82288
145.55704
144.7387
144.1562
143.95346
144.88477
145.01878
143.10992
142.81097
143.59042
143.84512
144.09181
145.40668
145.2209
144.32712
143.47957
145.11465
146.17754
145.12607
144.01279
143.5304
144.65103
145.37132
144.89465
144.75888
145.4057
146.31108
147.47676
146.28238
145.66422
145.15489
145.35695
144.6778
143.95541
143.42186
143.55798
145.142
145.77786
145.86891
145.7333
145.03224
145.51497
144.43219
145.1328
144.6285
144.1965
144.09348
144.27872
143.55511
144.31963
144.37512
145.84898
145.23758
145.9105
145.27477
146.02022
145.26912
145.18329
144.16826
144.4164
144.02667
144.03113
143.971
144.487
145.39388
146.16899
146.10219
145.21849
145.79562
145.60611
145.50288
144.73459
144.9323
142.97905
143.71965
143.80464
144.59845
144.22238
144.52917
144.18285
144.29271
143.7346
143.14876
145.25626
144.12993
144.55038
144.74258
144.13274
143.5662
143.228
143.1829
143.90623
144.54518
143.8874
144.30736
145.55136
145.14545
144.42177
145.26872
145.40572
145.3626
146.08333
145.90573
145.3123
145.81503
146.3817
144.42322
144.43993
144.62042
143.98987
143.8758
143.61751
143.60655
143.18242
143.2891
144.9896
144.61
145.35542
145.17702
144.05333
143.91109
145.30112
145.02527
145.02979
144.43666
143.60703
143.80423
143.96864
143.97531
144.88739
143.9071
143.63866
144.07132
142.9931
143.1316
143.61859
142.5179
143.86188
144.12297
144.6226
144.69421
144.57033
145.65358
144.83766
145.4191
145.21942
146.7737
146.64449
145.60149
145.39853
145.85011
145.51694
144.7802
145.08777
143.47244
144.14232
144.1276
143.04207
144.1955
144.61897
145.28937
145.20053
146.03375
145.69261
144.99228
145.11395
144.47153
143.36668
142.98701
143.5234
144.18832
145.32541
144.2497
144.47728
144.76068
143.95084
144.24503
145.53568
144.84708
145.14726
145.46274
145.02963
144.11958
145.1151
143.99638
144.0485
144.16077
145.32327
145.01431
145.82138
145.71277
146.32301
146.15707
145.6011
144.81578
145.75952
145.41011
145.2835
144.29408
144.3328
144.42203
144.13995
143.0742
144.61407
145.45663
145.48492
145.9203
145.5484
145.50107
145.784
145.56241
145.34761
145.00552
145.62389
145.65906
144.9246
145.9293
145.84221
145.9874
145.0993
144.30353
143.35822
143.40271
143.47725
144.3344
144.60828
144.95328
145.52802
144.59956
143.94992
144.73993
144.42838
145.21759
144.4429
144.44202
144.88838
143.93687
143.3831
142.94519
143.92406
145.54352
144.734
145.0751
145.57057
145.94489
144.84616
144.74608
144.73972
143.66957
142.8534
143.1649
141.92422
141.8244
143.08282
143.45703
143.5591
142.73138
143.54749
143.91586
144.90094
145.14685
144.34831
145.18771
145.10114
145.64102
145.47607
145.4836
144.58807
142.93161
144.10736
144.95723
144.51534
144.41719
145.39174
144.84615
144.00465
143.94626
144.65518
143.26608
143.09987
142.46974
142.5251
143.25842
143.1293
144.09888
144.1511
144.21489
144.90195
145.60957
145.36299
145.01093
144.21504
144.09843
145.21036
144.73659
145.08534
145.69432
145.9485
145.5816
146.06383
146.42346
145.4086
145.96758
145.0222
145.01183
145.50839
146.11479
145.39214
145.94373
145.42802
145.07947
146.39381
145.73845
145.27419
144.46239
145.0179
145.16841
145.12949
145.14062
144.30934
145.3875
146.6638
145.5559
146.02734
144.50034
145.45314
144.65103
144.49721
143.80574
144.3706
144.75107
144.63312
144.75002
145.0335
145.13947
145.80603
144.27917
144.78758
143.98201
143.3684
142.99022
143.80951
143.32133
142.22844
143.95583
143.5796
143.38397
143.29211
143.37163
142.73378
143.7192
144.43982
143.86134
143.72675
144.4418
144.15446
143.71898
143.24469
144.21497
144.70538
143.4441
142.4679
142.7485
143.90727
143.88277
143.1503
143.10161
143.18925
142.6164
142.72978
144.04085
143.97198
143.9396
143.6191
143.5718
144.40834
144.11452
143.4778
143.26045
143.51935
143.97853
144.92462
144.1181
144.39677
143.4651
142.71733
143.33902
143.86975
143.06761
142.86305
144.01959
144.5275
145.2808
146.5437
145.1548
145.592
145.26602
145.34642
143.92749
143.03426
143.96562
143.36574
142.73862
143.1975
142.24146
143.11298
143.90002
143.34955
143.40909
144.48474
144.7725
144.94354
145.92188
146.6092
145.72157
145.77052
145.31781
145.28688
145.54375
145.74036
145.72636
144.49823
144.71187
145.04498
144.3389
144.1124
144.07439
144.09352
144.1323
142.97337
143.95198
144.33209
145.95024
145.78127
144.9144
144.80452
145.01181
145.3594
145.29219
145.11137
144.31148
145.03018
143.91367
143.46272
143.78001
142.80118
143.49446
145.72858
145.42549
144.17651
144.16377
144.15082
143.47362
144.01343
143.8262
145.20543
145.12994
145.17813
146.6296
145.2512
144.69934
145.32529
144.70471
145.40253
145.71446
146.25226
146.20677
145.10132
144.07974
143.35399
144.3858
145.1553
144.9854
143.76309
144.30907
143.52641
144.25343
144.37708
145.02557
145.38812
144.96877
144.56406
145.21492
144.45879
145.52153
145.94072
146.37984
146.73262
147.54189
145.62926
146.83502
145.4499
144.09499
144.8535
145.5851
145.87537
146.99495
145.24757
145.66461
145.36389
145.51079
146.1041
146.79778
145.90102
145.30544
143.39392
144.43817
144.36948
144.27383
144.99698
145.34857
146.3233
145.73753
145.46428
144.73457
144.95978
144.3238
145.4588
144.98419
145.55736
145.09521
144.30147
144.59839
144.61465
144.39978
144.09644
144.9928
144.22226
144.43796
144.94736
144.26234
145.08177
143.69046
142.84122
143.87204
143.76118
143.38725
142.9176
142.35709
142.4546
143.89548
143.52356
143.01881
142.01509
144.30637
144.0611
142.7685
142.21606
141.81029
142.24109
143.66321
143.19868
142.99754
144.00609
145.52011
144.19327
143.44359
143.41104
143.69756
143.5405
142.96562
143.82304
142.24126
143.01343
142.72394
143.2607
144.1513
144.80487
145.29971
145.93721
145.0537
144.54152
143.7804
143.6881
142.61925
142.94513
142.38269
140.9307
142.38722
142.73924
143.08955
141.85912
142.34938
144.22107
144.2805
143.6299
143.97687
144.12509
144.95555
145.2405
144.90796
144.04369
143.44882
142.75641
142.76222
143.74251
144.19089
144.50493
144.28001
145.0745
145.97261
146.50085
146.50124
146.1563
145.1572
144.98445
146.06021
145.22285
145.61588
144.77083
145.71214
146.2255
145.29662
144.98737
144.84242
143.58878
143.1379
143.71613
145.0242
144.9413
144.2429
144.66966
144.59135
143.59608
142.99377
143.72598
143.83289
143.85611
143.26205
143.12729
142.37592
142.74263
143.03062
143.68602
145.3825
145.63283
144.79385
143.81471
142.68727
142.27399
143.46786
143.83966
145.25278
145.8984
146.3583
146.70897
145.0673
145.20874
145.31133
144.91682
145.63751
145.95575
146.48701
147.35489
146.05394
146.10454
144.41426
145.10353
145.35608
143.84004
143.11494
142.8713
142.70561
142.8752
143.51648
144.2602
142.76427
143.64937
144.301
144.17932
143.93501
144.07462
143.55702
143.59941
143.84045
143.50888
143.08809
143.9415
144.51756
144.8034
144.91202
144.2758
145.48073
145.80696
145.43082
145.03189
144.73276
143.69969
144.79349
144.3054
144.98341
145.45575
143.82187
144.17363
143.48419
144.49835
143.87192
144.78827
144.66396
145.22571
144.47495
145.6131
145.6337
145.15327
145.7996
145.41507
145.61707
146.1601
144.5167
145.38641
145.19211
