130.42
129.46
129.58
127.98
125.46
129.4
127.06
125.52
129.62
130.08
127.7
132.94
131.24
126.4
128.94
128.52
126.0
126.06
129.56
128.54
126.76
125.68
131.16
127.68
130.18
129.8
130.14
123.88
129.9
126.66
123.44
125.14
122.84
125.68
126.26
125.08
126.0
125.8
128.92
129.1
126.28
130.86
127.0
127.34
129.32
124.42
123.06
128.6
127.88
127.16
126.88
125.82
123.04
123.62
125.94
123.86
123.32
126.04
125.94
127.46
129.76
128.14
126.74
131.28
129.68
127.52
124.4
123.84
127.9
126.7
127.58
127.26
125.26
131.98
131.88
131.38
128.26
123.8
127.26
126.1
126.94
125.22
127.22
125.64
123.52
128.68
126.68
127.94
126.96
127.88
123.98
126.2
127.78
128.06
127.4
119.76
122.92
125.98
128.82
128.54
128.74
123.32
131.84
122.2
125.64
123.08
128.9
127.5
127.66
127.88
124.44
127.46
128.04
130.88
128.86
127.86
125.34
130.62
131.44
129.8
132.84
129.2
130.26
127.04
131.32
128.78
125.52
130.02
125.28
130.58
127.36
129.76
128.6
126.52
123.32
121.72
123.32
127.54
125.48
125.8
127.74
131.14
128.34
127.72
124.6
125.46
122.1
130.96
130.2
131.16
125.96
124.6
129.74
120.06
130.12
129.46
131.6
131.3
128.36
126.7
123.62
125.42
126.9
128.16
123.56
128.66
126.84
130.92
126.62
126.04
130.38
126.18
131.7
128.32
127.32
130.84
125.4
127.64
124.04
123.24
125.3
127.1
129.08
128.68
129.46
128.78
127.44
126.34
126.64
128.98
125.62
128.48
127.2
128.3
130.42
128.9
125.4
128.16
131.12
127.04
126.26
130.56
127.66
127.4
128.22
127.28
126.7
128.18
128.42
126.88
128.02
129.96
125.06
126.32
126.12
128.66
122.7
126.6
125.86
127.46
128.34
127.38
130.64
125.92
122.6
127.72
131.96
128.78
125.74
128.3
125.68
128.96
125.98
127.26
123.12
118.64
120.9
119.46
120.0
124.84
127.5
128.12
129.92
130.12
124.54
129.22
128.26
129.56
126.24
128.44
125.14
130.06
133.74
127.92
123.06
127.6
127.06
126.44
132.08
130.2
130.2
130.26
126.7
127.2
128.68
129.42
131.36
123.5
124.44
129.3
127.38
127.38
129.78
132.12
126.54
126.26
123.38
123.3
126.24
129.44
128.34
127.9
130.42
126.78
126.66
126.44
126.78
128.5
129.04
128.78
131.46
129.24
131.18
128.1
126.18
128.8
125.36
127.96
126.14
131.04
132.12
129.06
129.66
129.48
128.84
124.78
127.56
131.32
125.18
126.48
125.4
128.92
126.54
127.94
128.92
132.98
129.18
128.0
126.02
130.7
127.46
130.88
131.3
129.94
127.12
125.3
127.84
128.4
132.62
128.8
126.9
123.48
129.72
130.3
127.86
127.78
126.5
126.04
128.86
129.98
130.32
130.62
128.7
128.24
127.38
132.14
130.1
125.98
129.44
128.04
122.98
127.74
130.26
130.42
132.5
132.56
131.56
131.66
127.44
128.14
129.68
131.34
129.82
128.76
128.56
127.8
127.56
131.14
125.68
127.74
129.02
129.22
127.32
127.36
126.92
128.32
128.74
130.22
129.7
126.44
127.78
127.06
125.84
127.16
128.72
128.68
128.16
125.7
129.6
129.08
126.74
131.24
128.24
126.64
131.96
125.72
130.0
126.72
127.38
128.36
129.7
127.98
125.54
128.98
127.12
130.5
131.56
129.56
130.84
127.32
125.8
129.74
128.48
128.58
128.96
127.88
122.8
130.82
124.12
127.3
126.76
127.6
126.9
128.18
123.62
131.04
127.3
129.42
128.7
128.04
128.88
131.46
128.8
128.36
128.14
129.9
130.62
131.84
130.5
132.86
129.88
131.08
128.4
127.32
125.92
125.56
125.32
128.92
124.66
128.0
131.16
127.76
129.76
130.44
126.3
128.36
123.84
126.0
126.36
127.16
128.54
129.54
125.1
127.72
130.48
130.4
128.32
129.88
128.56
127.86
131.02
120.82
126.8
131.58
128.26
122.18
127.64
128.36
128.46
128.44
127.62
130.82
129.84
132.04
126.96
128.64
129.9
127.7
125.02
126.28
126.1
128.22
128.0
125.62
129.46
131.52
132.44
127.44
126.12
131.84
129.04
128.2
128.42
126.06
130.36
127.38
126.18
131.72
132.9
130.78
128.3
125.84
128.88
126.98
129.88
127.56
130.14
129.28
128.7
126.34
130.38
128.76
123.76
123.26
123.7
127.34
126.36
126.28
125.3
126.0
127.3
126.38
125.14
125.6
131.78
128.88
124.68
129.32
129.4
124.04
121.42
126.16
122.62
130.98
127.54
125.02
125.84
120.82
132.02
127.72
129.86
129.84
132.14
126.14
129.52
127.2
130.5
126.42
128.14
129.7
128.16
126.1
127.04
128.1
129.68
130.4
125.14
127.48
125.32
128.18
123.98
127.92
125.18
126.6
124.32
124.3
126.12
128.84
129.32
127.38
127.58
123.84
125.22
124.3
127.46
128.06
129.52
128.46
128.16
130.88
130.38
128.86
130.28
131.34
132.76
128.7
130.28
130.38
133.88
127.38
131.8
131.9
131.84
130.26
126.22
127.6
129.74
133.66
126.26
128.44
128.96
129.62
132.92
133.18
127.68
129.92
131.16
131.86
126.04
128.44
125.14
126.26
127.52
132.58
124.54
122.86
128.8
126.06
123.82
128.68
126.66
124.16
125.82
127.44
126.04
125.88
125.82
125.76
127.48
125.78
128.26
125.16
127.6
131.44
128.2
132.4
128.72
128.62
131.5
126.52
126.84
127.62
126.02
127.88
123.96
127.88
124.94
128.14
125.4
121.42
124.28
127.34
129.66
125.92
125.12
128.42
129.38
127.88
128.36
128.38
125.72
128.98
130.02
129.88
127.22
126.6
125.56
126.82
127.1
127.06
128.3
125.98
126.7
131.86
129.28
130.96
123.4
128.36
128.06
126.38
125.18
124.6
124.64
125.8
124.68
122.68
126.22
126.78
128.28
128.52
129.26
130.26
128.74
132.6
129.54
124.36
129.22
131.58
130.52
127.56
131.5
121.0
125.02
118.1
131.14
130.48
124.44
128.7
126.64
124.94
129.58
127.46
126.5
127.12
125.3
125.66
130.8
128.76
130.64
128.68
126.5
129.8
126.42
130.5
125.7
127.96
126.24
130.4
128.16
128.32
126.76
127.08
129.22
127.86
127.7
129.04
128.16
128.24
127.78
122.18
126.14
129.86
129.08
127.74
126.78
128.86
130.18
132.08
127.8
130.16
130.62
130.82
128.24
129.34
129.64
126.74
129.46
130.5
129.56
128.2
130.2
130.06
131.72
128.98
127.68
128.56
129.72
128.62
129.72
129.48
130.24
129.2
128.78
128.54
131.14
130.16
132.14
131.08
131.88
132.32
132.34
128.28
131.9
129.22
126.36
124.24
131.58
127.34
126.92
125.56
126.52
131.54
130.2
123.1
128.12
127.3
127.3
127.04
127.4
127.5
128.56
127.98
127.8
127.32
126.94
123.02
129.88
126.62
129.6
128.6
127.06
130.4
128.42
123.32
126.82
127.42
126.92
124.72
120.5
126.42
126.14
127.02
126.52
125.98
126.34
123.04
120.44
122.96
126.34
126.84
122.3
124.54
127.6
127.0
127.86
129.8
127.94
125.88
124.86
128.56
126.1
127.52
125.26
125.44
128.36
128.54
127.2
124.86
118.56
125.08
129.46
124.66
124.7
127.1
123.32
126.2
129.9
126.64
126.76
129.64
130.26
122.52
127.6
125.46
128.04
129.38
122.7
121.28
127.7
129.14
130.3
128.58
129.22
125.0
129.86
126.7
128.12
129.92
129.14
129.5
121.4
122.3
122.5
123.9
130.12
129.08
131.78
129.36
128.68
129.96
127.5
129.28
130.42
130.92
129.74
127.8
126.76
123.02
124.94
126.38
129.42
128.98
130.46
128.18
127.42
125.48
126.78
127.08
128.7
126.1
130.44
127.08
127.34
130.14
129.06
126.06
129.22
128.94
126.96
126.08
129.28
127.78
127.1
127.12
131.6
131.68
132.28
128.96
125.98
128.66
128.1
128.92
132.56
127.9
128.24
129.52
127.98
129.08
126.82
130.7
128.14
131.48
127.22
123.02
120.46
126.66
123.36
126.54
126.96
129.22
123.4
124.94
121.12
121.02
124.58
127.82
128.16
126.48
130.56
127.98
123.9
126.3
128.54
130.6
127.32
126.1
130.2
130.96
129.44
132.56
132.42
133.2
126.1
130.38
127.92
129.52
130.68
129.14
129.54
130.78
129.78
128.5
131.02
124.48
132.68
126.98
124.38
125.44
126.9
126.92
130.4
