144.03058
144.29335
144.61221
144.63959
143.43936
141.9344
141.62184
142.18019
141.7802
144.68661
142.77364
142.30396
142.9884
144.50436
143.8182
142.5966
143.48657
143.19856
141.78719
142.51877
143.7156
142.328
142.81654
143.39616
144.37718
143.26198
144.39142
144.03474
143.2664
143.41597
144.30057
142.90005
141.43817
140.44638
140.7226
140.5454
142.9566
144.47801
144.03877
144.0244
144.95958
144.18103
144.89738
144.77998
143.187
144.00198
142.86281
144.66762
143.88841
144.87296
145.59299
145.43979
146.31117
144.91122
147.13481
147.65001
144.87079
144.28061
143.67458
143.67723
143.48099
142.85355
141.61063
141.897
140.54921
141.14857
141.34059
142.12941
142.3294
142.35242
142.94759
144.3032
144.06396
143.1062
144.19698
145.30202
147.17743
146.4558
144.59262
142.99898
141.98499
142.91183
143.08575
142.55115
143.75035
142.76602
142.69623
143.56339
145.8618
147.27719
145.05356
142.3466
141.52461
143.26276
141.7904
141.8774
143.36118
143.00314
143.94263
144.8318
144.35199
146.7532
146.33641
145.90778
144.92844
143.21896
143.54799
143.51602
143.29219
143.53363
143.49918
144.41501
144.601
144.25981
144.529
145.36882
145.1076
145.1924
143.98619
142.92079
142.84837
142.05283
142.4562
142.10443
143.25058
141.21379
142.19763
141.02321
140.75603
141.45161
141.5708
141.68817
141.78902
142.01279
141.80261
143.08679
143.93857
145.19939
145.17737
144.61516
145.22803
143.85123
143.13121
142.3572
141.31781
141.5168
142.12062
143.192
143.02618
143.61739
143.35461
143.20218
142.99762
143.36284
144.313
144.78401
144.7
144.91641
144.91656
144.39023
143.773
144.7892
144.3526
144.03319
142.80338
142.76497
144.78079
146.16739
145.637
145.91542
144.50542
145.15802
145.51161
145.34502
144.52101
145.8844
145.99438
144.35579
145.11545
144.25723
144.88681
143.83319
143.875
144.84259
145.61383
145.81439
145.53601
146.31079
148.0984
146.9198
146.16777
145.45042
144.48622
143.019
141.35124
140.1038
141.00179
142.10777
140.62419
143.1848
144.449
143.2088
143.51323
144.16278
144.89821
145.33183
146.52519
146.1074
144.81178
144.91241
145.02356
142.85155
141.7428
143.15756
142.8934
143.05362
141.22699
141.31416
141.1832
140.73878
143.68863
143.44676
145.70662
144.5604
145.67339
145.39742
144.89162
142.79758
143.80338
142.524
142.03421
142.34822
143.9772
146.11798
145.93205
146.34117
144.9658
144.1554
142.86781
145.62262
144.44522
143.65523
145.01003
144.04219
144.31561
142.66699
142.96283
143.66139
142.16861
143.93501
142.75882
142.53218
144.66663
144.274
143.98581
144.4402
145.18298
145.67778
145.69383
145.34282
145.26157
143.416
143.37181
144.09781
143.47676
143.1722
143.18279
141.32782
141.14761
141.01622
141.2212
141.66681
141.097
140.77339
141.83221
141.49321
141.74458
143.10736
144.11002
142.25082
143.34317
144.91864
145.124
144.22319
143.73042
143.61401
144.41302
145.3064
145.83441
146.22601
146.4938
146.1674
148.43602
146.52899
146.38559
145.89363
146.2698
146.4438
146.09923
146.2674
146.05177
145.56297
143.39757
145.08458
145.11421
145.6744
145.84062
145.38403
144.5236
145.41618
142.621
143.39621
143.6546
143.49239
143.8074
143.5668
143.0642
142.9476
142.90201
143.40219
143.04822
143.0196
145.67702
146.39357
145.83923
145.60738
146.45023
146.54335
145.7634
142.51141
142.615
143.35101
143.90163
144.4518
143.97165
143.5884
144.65079
144.43361
143.5772
143.354
144.05663
144.4076
143.97418
144.30739
145.10721
144.93022
142.88359
142.1624
144.33044
143.12198
144.48656
142.34122
142.3742
143.73637
144.43541
144.84137
145.72441
145.08043
146.28365
146.22717
147.05597
146.0394
147.4188
149.29176
146.74315
145.7214
144.00601
143.39284
144.1392
144.10458
144.43639
144.49739
144.20099
145.41519
145.2256
143.9992
144.0514
145.23178
145.26918
145.52022
146.26678
145.72676
147.30055
148.52293
146.80519
143.4404
142.46062
143.12158
144.78479
145.36441
145.86859
143.93683
143.76396
143.49657
145.85577
145.27419
144.96204
144.99817
145.64258
146.57437
145.3254
144.21323
143.12198
142.8684
143.78778
144.5984
145.29903
146.76462
146.70474
147.09538
148.7174
146.46361
145.13701
144.19955
142.98756
145.418
144.62682
144.0232
143.83183
144.56601
144.47156
143.38818
144.4416
144.61182
145.04681
146.49422
146.46602
145.43518
144.042
143.2472
144.28198
143.9142
142.83995
143.26599
143.06683
142.14279
142.88582
143.5398
143.89821
143.4702
143.1158
144.54002
144.36821
144.5198
143.56883
143.282
143.44318
144.42877
143.69601
143.178
143.47418
143.80803
143.07524
144.03981
146.06157
145.8882
145.2954
145.38701
144.70157
145.25316
145.2842
144.717
144.77318
145.46002
144.15602
142.93498
143.2092
143.06015
144.43442
143.8032
145.51617
146.01479
145.82481
146.13463
145.96283
145.5214
145.83502
144.3276
143.85738
142.79082
143.13695
143.50298
143.3124
143.19
142.56102
143.09578
143.30182
144.9462
144.34558
143.56259
144.8352
144.03078
144.68419
145.07478
144.20763
144.266
144.83739
145.12057
146.38437
144.91524
145.55582
145.37617
145.46439
144.6858
144.60077
143.58195
145.43842
145.54718
145.19597
144.15741
143.55002
144.15361
144.0892
144.63884
144.81859
143.46278
142.71564
143.7144
142.697
143.77483
144.50381
144.1352
144.98141
145.6176
145.62503
146.20457
145.00462
144.70857
144.96758
145.0008
145.17682
146.08342
143.36958
142.6064
142.75099
142.45918
141.92264
142.645
142.7314
142.91042
143.18721
144.41321
144.62517
144.63762
144.63118
143.4298
143.10182
143.42915
142.78659
144.25177
144.18019
142.67142
142.52423
142.53842
143.3292
141.7842
142.98563
144.1926
144.4872
143.79659
143.28758
145.70561
144.65799
144.30559
143.19064
143.60057
143.68999
144.5298
144.64937
143.64322
144.3852
146.129
146.0116
145.90404
145.74963
144.58698
144.92938
143.74681
143.33638
144.8984
143.97057
144.6828
144.15201
144.93721
143.93082
143.01044
144.80821
145.38002
145.66861
146.57954
146.18358
145.379
145.52777
143.5784
144.45561
144.9432
144.18861
143.0928
142.8464
142.54138
144.8066
144.4198
145.21399
144.9634
146.36961
145.37518
145.56416
145.97101
145.2208
144.41122
143.64302
144.96825
146.2238
147.31598
147.57106
144.5802
143.10825
146.28818
145.57417
143.14519
142.505
143.18361
143.05565
143.83218
144.31618
144.80096
143.57121
143.2234
143.76479
144.6064
144.16743
143.60141
143.65822
143.79921
144.29518
145.22942
144.8408
143.37556
143.69858
141.98502
143.806
144.96901
144.394
143.98457
144.35078
144.00679
146.29482
145.28821
143.1458
142.90756
144.41502
143.3274
143.55017
143.87398
143.88979
143.8742
143.97359
144.732
144.56921
144.2336
145.2444
143.8338
143.55782
145.58293
145.442
144.8168
142.16542
143.86557
143.7236
143.50839
143.90842
143.05959
145.0016
144.9728
146.40675
148.84123
148.52103
147.92378
146.14821
144.0454
144.242
143.731
144.6552
145.48166
146.04279
146.04419
146.54419
145.33618
144.98483
144.02441
145.6742
145.03362
145.92921
147.048
146.79662
143.95023
143.74742
144.82619
145.85036
146.49881
143.7902
143.25981
143.98419
144.5146
145.1054
144.22598
143.49619
142.59143
141.45259
141.69775
141.34283
142.6222
144.89725
144.75201
144.60022
144.3114
142.53001
141.73022
141.38882
143.97862
144.49336
143.48404
144.414
142.9422
142.70384
142.6208
141.3676
142.75922
144.53677
143.94699
144.3266
145.06099
145.73442
144.80096
146.06319
145.90361
145.90358
144.0254
143.20782
143.3182
142.7186
143.72221
144.1938
144.0366
143.6698
145.44739
145.44817
143.78218
143.76962
144.9504
143.7382
145.14119
145.83302
144.76239
143.57758
143.86661
144.45381
144.19722
143.90076
143.54756
144.89178
144.89462
144.05841
142.963
141.56099
142.39499
144.63002
142.84459
143.4216
146.48163
146.3396
146.13098
144.196
144.27603
143.77283
141.14441
141.37299
142.74641
141.6244
142.7816
143.32338
144.89319
143.78438
142.6048
143.67622
144.3928
144.23639
144.77098
144.79741
145.60605
145.41039
144.1064
143.90582
143.1976
143.95578
145.03043
144.14557
144.443
144.03682
143.11362
141.29878
141.30559
142.26538
144.2684
144.83403
146.59119
146.3294
144.87599
145.08038
145.33798
146.57684
144.82964
142.9724
144.56743
142.25581
144.48518
144.70601
142.40121
144.13042
143.0736
143.11621
142.88278
142.1824
143.12097
142.75377
144.35303
144.13702
144.08578
143.46942
143.00317
142.0996
143.2154
143.3534
144.25664
144.33281
144.18677
144.04242
143.1632
143.44402
144.88
144.6934
145.9706
144.22363
145.51682
145.74399
145.26297
145.77502
144.82022
143.13739
143.60698
143.91177
144.60318
145.37761
146.828
147.19601
144.87257
143.99579
142.9164
144.54102
143.9074
144.1102
144.04282
142.94843
143.53036
145.31856
145.28262
145.48003
145.84636
146.24359
144.75717
144.80202
146.29303
146.94582
147.37398
146.14684
146.55641
144.58899
145.06178
144.9626
144.4144
144.79523
144.7796
145.54097
147.24422
147.88622
146.39899
147.0458
146.98999
145.75365
144.22304
143.65498
143.94981
143.9528
144.2998
144.87637
145.40936
144.47438
145.05081
145.11761
144.68661
144.39043
143.32458
142.73578
143.30962
142.31161
142.6646
142.16039
143.42538
144.67018
144.30139
144.03705
145.11581
144.8434
144.43118
143.93597
142.71179
141.1014
144.71059
144.9386
145.92203
147.13464
147.41362
147.70581
146.22337
144.69821
144.40778
143.59897
143.51178
143.9862
143.92238
142.24321
143.35684
144.08542
144.45067
144.73404
144.77658
144.84265
144.12457
143.19142
142.77837
144.00699
143.94098
143.85039
143.947
145.2942
146.73462
145.25343
146.00397
145.55878
144.87457
146.10796
146.20479
145.9776
144.71115
143.76436
144.24698
144.65985
144.80142
144.96661
147.49097
147.63821
147.35461
143.15958
142.05017
143.0372
143.69763
142.42418
141.75937
142.6082
140.95622
140.76842
142.64319
142.64958
142.8664
142.6024
142.96036
142.51523
142.36182
141.32678
142.94058
144.40836
143.69682
144.86201
145.208
144.99503
144.65997
142.99237
144.89964
143.23419
143.15123
144.9002
143.1718
141.79163
144.3472
145.01262
145.92299
146.36823
144.2842
143.96521
143.9042
142.5824
