124.4
125.64
130.06
129.1
120.2
119.64
125.68
128.72
125.46
125.94
127.94
123.9
125.14
123.74
130.4
132.16
128.68
129.08
127.52
126.24
130.02
123.18
128.94
130.34
131.86
130.72
126.82
126.9
131.86
129.52
131.14
124.34
125.58
125.36
126.88
128.46
130.0
128.78
127.3
131.58
129.66
127.92
133.16
129.26
126.96
130.66
125.82
130.02
125.96
132.54
132.7
127.02
124.44
127.74
132.96
133.56
128.44
130.92
129.48
132.82
133.08
126.92
125.62
126.42
124.58
122.22
122.68
124.6
126.58
130.06
126.36
131.7
129.84
127.92
129.52
129.58
131.4
128.76
125.44
126.68
128.14
127.74
130.06
129.02
122.84
126.04
128.18
129.16
130.22
127.38
129.92
129.62
128.14
126.92
128.52
127.7
127.88
126.22
128.76
128.84
128.86
132.42
130.58
131.94
125.5
131.08
131.44
127.26
131.9
128.78
130.04
132.58
128.9
128.78
128.1
132.5
132.94
132.62
128.48
121.24
121.4
124.18
124.1
121.24
127.26
128.36
127.82
129.56
124.42
124.44
123.9
126.72
128.26
128.04
127.74
129.28
125.96
124.66
129.22
129.02
129.36
129.58
127.08
126.5
127.26
126.94
124.78
123.76
123.66
130.1
128.6
128.84
127.4
130.12
123.84
129.28
130.24
131.5
130.54
128.36
127.0
129.6
128.8
133.74
127.76
127.7
128.82
132.72
130.82
131.9
132.06
132.6
129.62
127.22
129.6
129.62
132.9
129.26
128.18
127.46
131.96
125.42
130.42
127.76
132.56
131.36
130.68
133.96
134.28
133.12
130.84
129.82
128.48
128.88
126.88
126.3
127.58
127.88
126.66
129.54
127.22
124.32
123.92
125.24
130.32
127.56
133.46
128.1
126.76
130.04
129.12
125.18
123.92
125.0
133.12
126.62
123.92
122.82
122.94
122.94
127.44
124.78
129.76
129.72
131.5
133.42
127.26
126.38
130.02
125.52
126.36
123.42
125.74
128.32
133.9
132.84
129.02
130.92
127.58
128.58
132.38
127.94
131.12
130.32
126.72
124.96
128.7
122.32
124.24
132.76
132.16
127.46
133.64
131.6
130.8
129.12
130.02
132.74
135.94
132.78
128.76
130.84
130.36
127.78
127.04
128.7
128.9
126.14
128.94
127.9
121.42
125.02
122.96
125.46
125.78
128.94
127.94
126.3
131.78
123.16
128.04
133.26
130.86
129.82
123.16
121.42
127.72
127.72
132.12
130.86
130.82
132.56
134.74
126.14
129.3
131.8
130.68
134.32
135.5
130.74
127.02
126.84
128.0
126.4
127.72
134.54
133.32
128.52
127.72
124.78
123.44
130.0
127.82
127.98
132.06
131.82
131.24
129.98
128.74
130.92
129.46
128.2
133.32
134.78
129.64
126.04
131.96
126.68
133.46
125.68
126.94
131.9
125.72
123.76
123.46
125.84
129.96
127.28
130.98
127.04
131.1
129.14
131.66
130.44
129.96
123.82
127.18
127.68
132.22
124.62
130.9
130.02
123.02
131.18
125.6
132.0
131.56
131.16
133.72
131.42
134.48
129.44
130.72
136.6
133.34
131.3
131.6
128.64
128.04
128.78
125.18
130.54
130.92
130.58
130.52
129.52
129.36
134.46
127.64
132.86
134.68
130.56
131.1
133.9
130.92
126.6
122.52
126.88
129.3
129.62
133.34
129.92
132.82
131.34
130.26
125.46
124.16
132.74
132.02
133.1
128.84
130.36
128.04
131.22
133.5
128.86
133.48
135.0
135.56
133.48
129.34
132.52
131.0
128.38
128.04
130.96
132.26
129.76
130.08
130.72
132.18
129.82
120.28
130.2
133.48
129.7
128.48
128.8
128.64
126.54
128.18
131.74
131.0
126.94
125.92
124.74
129.4
128.4
125.34
129.58
127.66
128.54
123.98
131.24
129.26
126.24
130.28
126.9
128.18
125.8
129.84
131.24
126.88
130.16
128.2
130.1
133.02
132.64
126.64
131.28
128.92
130.86
132.64
131.34
128.96
128.42
126.7
129.84
132.24
130.32
130.3
125.54
132.28
129.64
129.52
132.94
130.28
127.82
123.02
129.18
125.86
128.28
126.0
128.34
129.68
127.02
125.56
130.16
131.76
129.14
126.44
127.54
128.36
129.16
127.72
130.04
133.82
132.28
130.08
130.58
132.94
133.14
128.92
130.38
126.64
132.32
128.76
131.36
135.1
130.24
127.42
125.88
127.2
128.16
133.46
132.14
127.78
129.26
125.54
129.54
128.5
125.46
128.18
128.92
131.74
131.6
129.36
127.84
129.8
128.56
124.0
124.16
131.52
130.08
126.7
124.18
122.98
124.64
128.2
129.08
129.34
130.28
131.86
132.34
123.64
130.88
126.32
128.94
129.18
130.52
129.8
129.72
128.98
127.56
126.32
125.18
126.76
128.16
126.08
123.04
130.14
132.34
132.22
126.62
127.24
129.34
132.32
133.7
130.52
131.1
131.96
132.1
133.84
133.58
133.32
127.26
130.94
128.14
125.04
131.3
127.48
127.88
122.56
127.9
129.22
125.26
128.12
127.14
133.6
130.72
133.66
127.76
128.44
127.26
127.7
126.4
130.8
131.26
126.84
128.0
127.9
131.88
129.72
128.06
134.04
123.0
130.34
132.08
132.38
127.26
123.76
132.7
132.2
129.3
129.98
129.8
129.86
127.36
127.28
117.48
124.62
128.3
126.04
127.48
130.62
131.96
132.26
132.18
121.82
130.7
125.22
125.38
124.12
128.2
129.4
132.18
131.98
129.46
128.3
124.38
127.22
126.6
127.22
129.1
129.06
126.26
129.42
132.04
129.48
126.78
126.26
129.4
131.4
133.66
128.56
131.18
131.16
126.4
126.22
127.42
125.54
126.3
128.28
129.54
128.02
130.44
127.54
129.32
129.78
126.18
125.1
121.26
128.64
126.72
126.76
132.4
130.52
127.32
125.64
123.36
131.4
130.24
131.2
131.28
132.06
130.34
129.62
128.14
133.9
131.72
129.84
130.48
132.22
130.62
132.12
129.2
130.02
130.38
121.8
123.8
123.86
126.98
129.52
131.06
131.38
131.34
129.2
128.78
125.22
127.1
124.72
126.04
126.78
131.52
132.42
129.32
126.52
126.04
129.62
128.74
126.06
126.5
123.06
118.76
131.4
131.16
129.6
126.06
129.84
127.82
127.56
129.72
133.3
128.54
128.38
132.02
133.82
130.7
126.8
132.6
127.54
125.64
131.68
127.28
125.72
133.54
133.54
131.54
128.12
131.46
130.76
126.88
127.18
130.2
131.38
127.14
126.24
132.68
132.84
133.54
135.14
133.3
130.06
129.32
127.2
129.9
129.16
129.22
129.2
133.16
132.08
130.82
130.74
125.06
126.52
127.4
127.76
128.84
128.68
127.4
127.4
128.96
127.06
127.54
128.58
128.2
129.94
127.42
132.3
133.06
132.2
132.36
129.5
131.72
132.98
127.72
122.02
124.08
126.0
125.22
126.46
123.76
124.96
132.94
125.12
127.82
135.06
129.12
129.32
133.16
123.82
125.58
123.38
127.18
124.66
125.26
125.62
128.14
125.62
132.02
129.42
128.48
126.56
128.54
129.26
128.78
129.36
126.86
129.18
122.48
127.88
126.18
131.12
130.02
129.14
127.44
129.72
130.38
131.42
132.16
130.66
133.9
131.08
126.14
134.08
125.22
131.82
129.34
129.1
123.96
125.94
129.22
131.92
130.46
128.0
130.24
128.64
127.76
131.26
129.44
131.98
124.88
128.62
127.1
131.8
132.76
132.2
131.72
132.44
132.28
128.82
127.16
123.22
129.56
130.72
130.46
129.6
130.02
129.34
127.24
131.68
123.42
133.02
131.38
130.86
127.68
133.08
132.12
133.04
132.08
128.34
124.22
129.64
129.26
124.1
128.76
128.14
128.16
130.0
131.48
129.94
130.78
127.1
128.32
128.48
124.92
129.4
124.98
132.28
129.72
129.36
130.82
129.32
131.28
128.9
125.4
125.12
130.2
131.02
130.38
134.98
130.68
132.0
133.14
132.52
130.76
131.96
133.1
130.78
130.88
129.6
129.28
128.3
128.38
128.36
131.76
127.8
133.32
132.26
127.58
131.22
130.5
127.64
127.44
126.16
130.24
135.64
135.94
131.46
131.82
129.78
131.34
125.08
131.38
127.34
129.86
134.04
130.58
128.16
133.52
134.02
129.78
128.96
124.88
131.14
128.18
127.04
125.88
129.66
128.18
127.94
124.26
122.52
124.88
128.26
129.04
126.88
127.66
126.32
128.48
127.72
125.6
124.2
128.68
131.26
132.06
127.0
128.3
125.84
124.82
132.6
125.08
125.08
125.08
133.98
129.48
133.92
130.66
128.54
127.7
128.06
