144.9782
143.80394
144.62903
144.43982
143.56499
143.87878
143.69415
144.26373
143.85811
144.01651
144.12022
143.34953
143.62018
144.02716
144.52422
144.32399
144.9663
144.17723
143.40749
144.53674
144.04068
143.77888
144.5366
144.68364
144.86295
144.25357
144.80838
145.13646
144.48724
144.0462
143.80247
142.8869
143.27428
143.48485
144.1918
143.0952
143.74272
144.3273
144.40564
144.37263
144.00734
143.74377
143.8484
143.86359
143.91508
143.70471
143.8738
144.16869
144.64404
144.5838
144.74751
144.30724
144.50563
144.81721
144.58752
143.56767
144.86308
144.2962
143.11958
143.15257
143.32372
143.67085
142.55243
143.70903
143.7016
145.0055
144.48135
144.80511
145.31165
144.95435
145.12231
144.02867
143.70139
143.9243
144.78038
143.91249
144.84116
144.6977
144.68306
144.71255
144.18839
143.9138
143.80428
143.81598
144.16455
143.8973
143.41182
144.25371
143.6428
143.54929
143.31903
144.34341
144.8759
144.34517
145.09213
144.81538
145.208
145.05144
144.0623
144.206
143.62927
144.05946
144.43074
145.23752
144.31967
144.5868
146.03435
146.00937
144.52333
144.1709
142.95322
144.18388
144.62704
144.31992
143.6636
143.27428
144.84512
144.21179
144.78773
144.6524
144.67352
144.33238
145.06871
144.55923
143.92801
143.55188
143.98799
145.33371
145.08397
144.2163
143.37738
143.81598
144.23904
143.91568
145.08237
143.59648
144.02788
144.45181
143.6808
143.80974
144.70941
144.4852
145.17317
144.11047
144.59393
144.28221
144.3998
143.93437
144.61931
144.22098
144.35512
145.18365
145.17921
144.86711
144.44597
144.94487
144.46805
143.81917
144.2246
144.29228
144.69041
144.1865
144.89772
145.90352
145.80164
144.78499
144.35359
144.29327
144.41411
143.83858
144.8061
145.65125
145.03925
144.35081
144.123
143.99553
144.71655
145.33626
145.07123
143.039
143.32138
143.40816
144.2588
143.9637
144.1458
144.70631
144.82997
144.15155
143.91931
144.84645
143.89514
144.36365
144.27144
144.63797
144.24823
144.03171
144.38301
144.24069
144.73866
144.78975
145.08893
143.63644
143.68661
144.02057
143.62027
143.90776
144.5058
144.77806
144.20786
144.1936
145.0378
144.02971
143.5996
144.2851
144.28545
145.01999
145.19614
145.18835
145.59589
145.59273
144.84317
145.02751
143.81448
144.3075
144.3686
145.08553
145.2889
146.09981
144.67032
144.72215
144.44391
144.79883
143.61998
144.08372
143.63072
144.18222
145.16718
144.51259
144.29369
143.45482
144.31331
144.87944
144.4991
143.93556
144.81702
144.26933
144.47758
143.58263
144.34816
144.63487
144.45325
143.81172
144.276
143.74458
143.7058
144.6882
143.94283
144.35132
143.66112
143.37105
144.8982
144.25429
144.15982
144.43102
143.54153
144.03407
144.44662
144.05727
143.93933
143.97275
144.30473
144.1488
144.51591
144.55914
143.20168
143.47313
143.92715
144.50362
145.61337
144.68666
144.85318
144.39221
144.807
144.20007
144.42715
144.38402
143.62303
143.67465
143.4658
144.04686
144.04431
144.0529
143.6111
144.6221
144.04051
144.91405
144.31853
144.67789
144.38535
145.26317
144.37543
144.46344
143.65466
145.4272
144.8167
144.39796
144.96518
145.0139
144.07869
144.13652
143.38673
144.7862
143.91646
144.03304
143.53584
144.37488
143.92957
144.68341
144.48337
144.12575
144.37073
144.38768
144.8609
144.66129
144.53769
143.70317
144.27182
144.67499
145.12917
144.10612
144.61713
144.75026
145.06363
144.82507
145.46046
144.25327
144.32806
143.26828
144.62762
144.96277
143.83871
145.32841
143.63695
144.2855
144.53345
144.72334
144.35194
143.9627
143.34999
142.74443
142.13797
143.65259
143.93431
143.81215
145.1414
145.29756
144.68849
144.63199
144.49535
144.5609
144.76817
144.20978
144.2933
145.05244
144.51549
144.23149
143.8984
144.70007
144.54404
143.19048
144.48901
144.46512
144.0404
143.9538
143.95361
143.89197
144.26909
143.53345
142.93169
143.91632
144.7463
144.35918
144.0491
144.09921
144.77953
144.81873
144.34659
144.78131
144.8414
144.57884
143.82971
146.34293
144.77411
143.70612
144.14168
144.89378
144.09418
143.4076
143.6437
143.83215
144.56488
143.84618
145.18703
145.64859
145.14586
144.50089
145.4397
145.47157
143.84491
144.05905
144.25317
144.94714
144.31004
144.34973
144.76524
144.87341
143.80962
143.80199
143.62773
145.20844
144.79874
144.9393
144.09346
144.15791
144.77966
145.31778
144.36592
143.5451
143.59863
143.71663
144.76994
144.38336
144.28047
145.18353
145.27315
145.56612
145.15271
145.04822
143.86378
144.46336
143.82358
143.9726
144.30672
143.8868
144.03197
143.62491
143.95221
144.21722
143.91817
143.32724
143.48586
144.06105
144.35542
144.42009
144.1429
144.24547
143.8598
144.65132
145.23077
144.17659
143.9597
144.5386
143.9422
144.79897
143.48561
144.17438
145.01588
144.5444
144.47069
143.8375
143.87599
144.3507
144.2714
144.52411
144.437
144.29521
143.5126
143.30516
143.5405
143.2504
143.71327
144.07275
143.8763
143.73552
143.87407
144.09612
144.09718
144.59505
144.7527
143.8369
144.62589
144.5345
144.07584
143.31372
144.39444
144.20914
144.6213
143.80992
144.1005
144.54869
144.5887
143.4438
144.03291
144.53003
145.50276
146.16199
145.37778
144.96678
145.68936
144.3505
144.26585
144.41089
143.62929
144.42537
144.87624
144.8707
145.18588
144.81459
144.33893
144.56798
145.01146
145.69571
145.3181
144.47908
144.3047
145.6763
145.08269
144.46036
144.24448
143.76212
142.76271
143.62132
143.21686
143.82553
144.27733
143.56592
143.91158
143.87547
143.67421
144.49063
144.14346
143.67242
144.1457
144.5419
143.12677
144.88293
144.89305
144.05443
144.50975
144.18828
144.02174
144.88608
145.32901
146.05548
145.5299
145.01419
144.90453
143.55522
144.02596
142.87318
143.22849
143.63988
144.45311
144.8302
145.39972
144.19719
143.72993
143.7392
144.12843
143.68759
144.56601
144.76807
144.20726
144.46808
144.99298
144.5426
144.57986
144.6171
144.7295
143.97534
144.32143
144.06372
143.4038
144.8784
145.12294
144.17001
144.68968
143.85011
143.21799
143.60852
143.64616
144.4996
144.29327
145.7205
144.75522
144.93057
144.80461
144.32079
145.13329
144.21611
143.86047
143.9999
144.86363
144.36633
144.92278
145.39667
144.4721
143.98671
144.91548
144.39818
143.55447
144.1407
144.70372
144.59877
144.30351
143.93304
144.21695
143.4909
144.51678
143.91011
143.83614
144.27464
143.97586
144.75288
144.38408
144.17267
144.52519
144.55843
145.00565
144.41061
145.09789
144.32536
143.88249
144.22769
143.73859
143.82434
144.18578
143.96709
144.468
144.4306
144.63457
144.11478
143.91934
144.41223
145.0924
145.29712
143.52419
143.47006
145.02122
144.1777
144.3833
143.98369
144.24321
143.7011
143.93982
144.44205
144.1461
143.88908
144.86432
144.34572
143.92795
143.86728
143.5614
143.64574
143.7375
143.28119
143.96011
144.7436
144.6891
143.90073
145.00401
145.1619
144.7361
144.55351
144.5012
144.6949
145.32916
144.60786
143.32884
143.98302
144.31485
145.00922
144.47232
145.40782
144.80629
144.11081
144.14441
144.80722
144.06061
143.34937
143.94377
144.75574
144.53178
145.37297
145.26537
144.95892
144.4262
144.32751
144.12912
143.13287
144.40492
143.98833
144.54941
144.1543
145.11708
145.70876
145.3692
145.26968
144.78333
144.0263
144.80254
144.00818
144.69809
145.76018
145.38402
145.04158
145.9092
144.6842
143.1151
143.92142
144.63188
144.13263
144.50606
143.83217
145.29022
145.44153
145.18134
144.8161
145.27242
144.5937
143.84976
144.1661
144.31186
145.32082
145.07048
143.97595
144.56244
144.51515
143.98412
143.22337
143.18472
143.98984
144.5356
144.13448
144.25615
143.99231
144.26059
144.16411
144.3936
144.39012
144.24066
143.58842
144.30351
144.22964
144.6578
143.99193
144.02896
143.99362
143.92181
145.31873
145.35553
144.17664
144.14893
144.69151
144.276
143.56178
143.24147
144.7804
144.33818
144.26833
144.71649
145.1788
144.63527
145.11717
145.86899
144.25612
145.1001
144.41844
143.80711
143.72133
144.58582
144.52539
144.55042
144.23314
144.87459
143.72162
143.47992
144.2171
144.4411
144.44348
145.60405
144.3977
145.0816
144.2254
144.12486
145.15674
144.34381
143.94136
144.24101
144.71828
144.5703
144.49878
144.31624
143.77492
143.55443
144.14897
144.2069
144.26672
144.47797
144.22652
144.27153
144.16211
144.0046
143.48938
144.02852
143.63515
144.33583
144.19263
144.6861
144.63898
144.71335
143.73477
143.3934
144.33926
144.37079
144.50519
144.6984
144.86691
144.416
144.94142
144.6084
144.25082
144.00037
144.44391
144.17903
145.2491
144.21426
144.50218
143.36925
144.49763
144.5631
144.01318
143.94861
144.53589
145.66713
144.72359
144.71005
144.86441
144.69748
144.95113
144.24872
144.17929
144.4709
144.6229
144.1363
144.24225
143.9599
144.01025
145.67793
145.29408
146.4449
145.00745
144.85635
144.97142
144.72003
145.02576
145.00877
144.0337
143.23698
143.66759
144.32076
145.06297
144.3232
144.6064
143.61249
145.11217
144.24928
144.90358
145.43378
144.70769
144.34344
144.56024
143.87007
144.6012
143.81374
143.59636
144.1057
143.06357
143.66461
144.88705
144.43549
144.63431
144.25311
144.81967
144.09892
144.19203
143.49875
143.77269
143.67194
143.76434
143.58017
144.79254
145.21269
145.53984
144.99619
145.4426
145.14407
143.85306
144.41171
143.18509
144.73015
145.55112
144.22699
144.32625
144.1166
144.35672
142.82224
144.15424
143.69057
143.99852
144.54317
144.91965
144.33517
144.24329
145.39894
146.14618
144.7438
143.86389
144.055
144.67761
143.7574
143.87888
144.19093
144.79048
145.2049
143.9947
144.17218
144.35101
143.86761
143.62227
144.37787
144.09401
144.12083
143.87111
144.32521
144.08348
144.40523
144.26497
143.7103
144.1374
143.77216
142.45555
144.00952
144.07472
143.88548
142.99785
143.97382
143.28604
144.04169
144.15271
145.25288
144.75061
144.4695
144.16907
143.53392
144.4002
144.65091
144.48666
145.02924
144.78447
144.7104
144.6895
144.96422
145.12782
144.97908
144.92343
144.05576
144.3898
144.7915
144.4476
144.49245
144.7603
144.69823
145.67079
144.89647
144.1714
144.72238
143.44446
144.34546
144.84653
143.65222
144.97318
144.9998
144.55377
144.78842
144.22662
144.0321
143.93423
144.31998
144.71309
144.32683
