128.64
131.4
129.86
130.62
124.58
125.04
128.22
127.44
129.32
125.22
127.46
127.62
127.68
129.66
124.52
127.62
131.18
126.7
127.74
121.96
128.12
128.22
131.14
127.5
127.76
124.52
128.14
128.36
121.86
127.98
127.32
126.4
126.82
126.46
125.48
126.0
123.08
127.42
122.98
129.48
126.38
126.56
128.9
125.56
123.2
127.28
131.0
131.48
124.54
127.94
130.22
129.9
128.3
128.28
129.86
126.6
127.06
129.68
126.72
126.06
130.52
126.88
124.0
125.4
128.78
125.46
126.26
126.26
126.44
128.28
129.76
126.22
124.1
127.38
122.66
124.1
126.64
127.8
127.96
125.32
128.26
123.8
127.1
126.84
125.02
129.2
131.12
130.88
131.68
124.26
127.82
128.6
125.66
125.18
131.28
126.94
123.0
132.18
129.42
129.5
129.2
127.76
128.6
127.7
130.1
129.64
123.86
128.5
130.24
127.66
126.78
128.28
129.24
124.18
129.38
127.96
127.48
128.4
126.34
129.78
120.84
123.66
129.12
126.08
126.86
128.72
127.32
132.18
132.1
130.66
129.58
127.38
128.8
125.62
128.2
129.7
128.04
129.74
129.22
126.92
128.34
128.24
127.12
122.14
131.56
130.52
130.9
126.94
123.78
122.64
128.22
126.26
130.62
122.58
128.82
130.26
128.16
124.86
125.76
128.58
128.58
127.7
125.4
127.82
123.54
128.82
129.6
127.18
126.34
129.44
129.98
128.36
129.24
129.52
126.62
125.32
130.62
126.1
127.4
125.26
131.32
126.94
127.2
124.28
127.26
129.64
128.12
126.3
128.28
123.86
123.54
128.18
128.86
128.52
127.66
127.26
129.8
127.54
126.48
128.38
128.56
128.04
125.96
126.7
128.64
127.9
125.86
126.32
128.36
127.76
126.02
123.94
125.5
130.52
124.54
126.3
125.82
127.58
127.96
126.1
124.98
127.62
126.26
127.74
126.92
129.26
129.44
124.56
125.0
129.24
130.82
118.48
127.48
120.6
128.16
128.62
125.76
125.7
128.24
126.0
129.66
125.14
128.72
129.46
122.54
126.02
128.74
130.86
123.86
127.74
130.02
127.84
127.36
128.68
125.98
128.06
128.8
125.54
127.26
129.52
128.9
128.68
131.52
125.5
127.12
125.78
125.92
126.66
128.54
128.44
128.54
131.28
130.18
127.98
128.4
125.72
125.82
122.2
129.56
128.94
128.06
127.4
125.44
125.94
125.32
129.94
129.84
125.8
124.7
124.28
130.54
130.06
127.38
125.6
128.36
127.94
130.86
126.32
126.6
130.18
127.92
126.28
128.16
130.92
129.62
127.34
127.34
129.32
129.04
129.04
128.34
126.18
125.32
129.42
128.66
125.88
128.92
125.68
130.14
126.12
127.62
123.22
126.04
128.1
131.98
124.1
126.92
129.9
121.2
129.28
125.44
127.92
128.72
129.48
129.78
125.54
126.22
126.94
123.52
124.68
124.12
131.06
124.56
128.8
126.2
127.8
127.72
128.96
125.76
122.68
125.5
124.86
128.08
127.94
130.66
129.24
126.46
126.16
128.1
126.44
127.76
129.12
131.18
129.14
129.62
129.32
128.06
124.42
130.66
128.18
129.92
126.48
129.1
129.22
130.04
129.68
128.22
127.74
127.52
127.76
130.46
128.56
129.74
127.6
130.06
128.76
125.9
129.28
129.6
126.72
124.3
126.86
131.06
125.58
128.3
126.96
121.24
117.12
129.8
127.62
131.5
125.14
124.74
123.02
125.08
125.64
124.74
127.1
127.16
128.8
129.84
126.86
128.06
127.92
128.6
125.7
123.5
128.78
129.3
129.66
125.86
129.58
123.28
124.16
127.8
125.02
130.36
126.34
123.08
130.18
127.0
127.62
125.64
126.44
133.2
126.58
126.38
126.52
114.88
120.48
120.48
120.78
130.22
129.46
130.1
126.92
130.0
131.98
127.16
127.0
129.36
129.6
126.24
127.68
125.5
125.86
124.94
127.96
125.84
129.44
131.5
129.32
126.68
128.64
126.34
126.16
126.04
129.08
126.3
127.62
124.2
126.9
128.6
126.46
127.72
127.08
126.68
124.82
126.02
123.32
124.22
124.96
129.38
122.48
126.78
126.84
126.7
124.6
123.32
123.36
125.52
127.82
125.02
127.48
127.2
126.96
130.36
126.66
127.4
124.32
127.86
127.86
126.84
126.56
127.72
130.64
130.5
129.34
128.56
126.24
126.54
128.46
127.94
126.52
128.86
127.3
127.56
130.36
126.36
128.68
127.96
129.7
129.82
123.6
130.92
130.16
130.46
129.42
127.04
127.82
129.4
128.42
126.8
125.04
125.78
124.72
123.06
125.6
129.2
129.3
128.58
123.08
128.56
127.2
123.54
127.1
126.48
125.18
129.58
126.56
128.4
128.1
128.72
129.12
127.72
127.34
126.8
127.94
119.4
124.1
127.64
121.78
130.36
127.84
129.44
129.36
126.14
126.64
129.82
126.54
129.98
129.6
126.36
130.34
132.82
131.94
131.12
128.36
126.22
125.68
127.6
126.58
128.16
128.16
127.92
126.34
127.06
127.34
128.14
124.62
128.3
127.52
125.28
127.52
124.3
127.74
128.62
124.38
128.5
124.46
126.9
126.68
126.18
124.46
127.6
127.84
126.5
124.58
128.66
128.26
125.54
128.78
126.26
128.82
128.34
124.26
131.32
126.6
130.46
125.58
122.54
129.52
126.42
123.52
125.88
127.62
127.18
129.96
124.16
128.0
127.36
127.38
127.98
124.28
128.62
123.82
128.42
128.0
124.88
125.54
126.86
124.16
125.52
131.38
128.9
128.9
125.64
124.88
117.82
126.92
120.4
127.04
130.54
124.56
125.02
126.66
127.9
124.54
131.24
130.8
128.72
127.44
127.52
126.36
129.64
125.32
125.32
128.92
127.68
124.54
128.66
129.92
123.76
126.42
125.32
129.38
123.46
125.1
129.58
126.0
124.3
129.9
129.8
128.74
130.28
130.98
129.5
130.9
127.34
129.5
125.64
130.68
128.64
127.3
129.38
129.88
126.78
128.46
128.38
129.54
125.94
129.1
128.26
130.18
128.9
129.2
127.28
124.8
130.1
126.06
128.78
128.18
129.96
129.84
126.08
130.12
129.34
127.8
126.7
124.44
127.54
129.4
127.58
126.16
129.46
131.14
125.1
130.92
126.26
129.62
129.94
127.88
132.32
130.12
129.38
127.56
129.36
128.86
126.98
128.34
124.0
128.2
127.88
131.58
132.64
127.78
130.26
126.96
126.64
130.68
129.92
124.86
128.0
127.54
128.4
126.42
127.3
129.22
127.66
131.26
125.28
126.88
120.34
128.86
126.7
125.88
125.42
124.42
127.26
128.96
130.06
127.72
127.66
123.86
131.64
128.42
129.94
127.72
123.54
127.8
127.72
128.3
127.2
129.38
127.14
129.2
127.54
125.12
124.98
127.54
128.24
126.36
123.44
124.38
125.78
126.92
127.76
128.46
128.26
127.76
124.7
129.04
129.04
123.78
130.24
128.62
129.44
127.82
127.66
128.9
132.44
127.36
127.06
127.28
128.16
128.6
125.74
128.54
128.72
128.82
125.74
125.3
125.04
125.8
124.78
128.88
124.94
130.5
131.42
129.3
125.82
127.98
128.82
120.38
122.3
130.72
128.54
131.42
126.98
130.54
127.84
127.3
128.46
125.68
128.9
124.48
129.68
126.26
129.28
124.7
129.02
131.56
129.84
129.52
130.16
130.92
130.9
126.3
129.84
130.62
124.0
126.62
127.28
129.1
130.32
127.2
128.04
129.7
128.46
129.28
128.16
131.44
128.1
128.78
127.34
129.1
129.78
126.86
125.02
128.36
126.54
129.42
129.14
130.7
125.8
124.8
130.38
122.76
126.32
128.94
127.18
123.22
128.06
127.82
128.0
127.34
124.5
123.22
127.16
126.56
128.2
125.14
126.1
125.5
128.56
131.24
126.74
127.96
126.14
125.36
129.36
127.94
129.6
127.84
128.46
124.44
128.2
130.26
129.4
127.56
125.24
124.6
126.6
129.22
128.74
128.0
126.82
127.68
124.5
128.08
125.66
120.12
126.92
130.16
126.32
129.86
124.52
130.24
127.46
125.52
125.62
132.18
128.72
128.66
130.36
128.82
131.48
128.2
127.76
129.62
126.68
123.72
125.68
125.14
129.6
125.04
129.42
128.4
127.62
127.24
129.12
129.94
128.46
125.52
126.88
127.16
125.64
128.96
130.4
129.08
126.94
124.62
129.7
128.54
128.36
129.02
127.32
129.5
129.78
130.1
129.36
130.72
125.56
129.02
128.68
122.6
126.62
125.7
128.02
125.14
127.08
131.0
134.2
125.62
125.68
127.18
124.58
131.74
129.76
129.74
126.8
