144.19098
143.67719
143.81598
143.6096
143.92639
145.22481
145.2642
144.0182
143.86205
143.843
143.85881
144.40196
144.69295
144.56656
145.0186
145.00621
145.35141
145.82698
145.7306
145.71402
144.65
144.36783
144.2722
144.43402
143.09422
144.35939
144.54225
144.39442
144.44139
144.89082
142.76381
143.44838
143.64539
144.49738
144.17879
144.69579
145.34062
144.72458
145.40382
144.7736
144.93738
143.8894
144.13101
143.79578
143.9312
144.8904
146.18422
146.11281
146.204
145.18398
144.4076
144.6462
144.28957
143.96321
142.95422
143.34938
143.7078
146.04599
145.008
144.0704
143.75961
143.1004
143.04721
143.36302
141.66899
143.48639
144.34561
143.62482
145.04599
145.50601
145.685
145.49019
144.0668
145.15419
144.53757
145.16977
144.0876
144.35179
144.08417
144.21777
144.65259
144.37358
144.90518
145.96458
144.64378
143.537
144.46361
144.1232
144.98944
144.2984
144.39
144.21643
144.69823
145.027
145.96123
145.4278
143.431
144.72041
142.578
144.81552
144.99298
143.42722
144.59718
144.01302
143.46559
144.29
144.66379
145.4572
144.60101
144.615
143.7812
144.44843
144.36823
144.1922
143.88164
144.38704
145.17839
145.3684
143.68242
144.09557
145.4416
145.9686
144.45903
144.76936
143.31139
142.99419
145.24117
145.20798
143.46396
144.11362
143.054
143.53558
143.73021
143.3564
144.40138
143.72177
144.37361
143.91818
143.0202
143.4318
142.5916
142.87938
143.22319
142.19296
143.59523
143.09244
142.87663
143.3784
144.16864
143.82759
144.557
144.04419
142.27519
142.18199
143.41582
143.70244
142.6366
145.01343
143.15483
143.14137
144.8206
144.6762
143.94359
144.0284
144.30022
144.126
144.185
144.50401
144.92441
144.65302
143.9756
143.9154
143.73761
144.69643
145.4136
145.22363
146.07857
144.2912
144.27765
143.9418
143.74622
143.98842
143.7426
144.25983
143.88203
142.95978
143.3982
141.40121
143.99123
143.88138
145.1234
143.8954
144.1646
144.73741
144.61841
144.94463
144.429
144.16339
143.65962
142.78918
144.1254
144.87901
144.0178
144.30841
144.84082
143.88919
143.56563
145.1466
144.84679
142.97264
143.56361
143.18163
145.35057
144.31561
143.91759
145.08478
144.10619
145.12035
144.52638
145.65862
145.5352
144.70377
144.82236
145.0396
145.23616
146.70398
144.62714
145.13377
145.05042
144.64081
145.4066
144.16502
145.13457
143.05302
143.64302
142.6392
144.41638
144.25175
145.15521
145.64915
146.73865
144.88
144.2902
144.0518
144.8026
143.89421
143.8694
144.69063
144.13521
144.90498
144.42923
144.3258
144.02063
144.00142
145.89038
145.2536
143.09462
143.55046
143.41959
145.8204
144.69756
144.2158
144.9092
143.61441
144.07602
143.5096
143.85419
143.63562
142.737
143.59903
144.43204
144.08763
144.3612
144.60701
144.3512
144.12897
143.97719
144.681
144.1316
144.2902
145.1568
145.04697
144.51099
145.7098
144.44398
144.97299
144.16144
143.67943
144.49384
143.62079
143.78781
143.2954
143.90903
144.24802
143.73541
144.11661
144.4472
143.78401
144.7514
144.61617
144.86517
144.30583
143.72539
144.58403
144.01859
143.46657
142.835
143.58737
143.21518
143.26581
143.52538
143.18599
143.41362
142.6788
142.258
142.7862
142.1526
143.84499
143.383
145.0668
144.25522
144.92198
145.4514
144.87758
145.78922
144.36536
144.51022
143.34581
144.78241
143.06238
143.55025
143.92381
143.65
144.21419
143.0744
142.21878
142.19756
143.56519
144.26704
144.78423
144.32458
144.46637
143.5578
142.45343
142.83884
143.55363
143.58936
142.96643
143.96098
144.45479
143.6054
144.50919
143.71738
144.34938
145.83023
143.06523
144.85396
144.80878
146.23564
144.64102
144.90178
144.30676
143.85483
143.3566
143.11519
145.58344
145.19458
145.28038
145.2438
145.81702
145.19342
144.93283
145.44122
146.08617
145.54782
145.64693
145.7376
145.3442
146.79916
144.88019
144.1492
144.13142
144.6232
144.58578
145.4776
144.02861
144.49976
143.73721
144.54501
144.43858
144.54762
143.7836
145.2384
144.35757
143.90105
142.71144
144.61601
144.0398
145.39163
143.26938
143.3712
145.2112
143.7916
144.62778
144.58757
143.19624
143.66997
144.5714
145.55438
145.1856
143.9102
145.1864
144.431
145.13419
144.54019
143.59941
144.29703
143.545
144.60358
144.1606
144.86763
144.03642
143.4016
144.60378
145.61325
145.13562
144.19742
143.40459
144.70265
143.69658
143.60503
142.99503
143.59937
143.95462
143.9994
144.808
145.5336
144.40599
144.1788
144.4086
143.14476
143.77681
144.52896
145.26202
144.49123
144.04501
144.21779
144.30923
144.37361
145.0914
143.88242
144.30397
144.50337
143.72517
143.33679
144.48042
143.5628
143.34581
143.86082
143.85922
144.71239
144.6484
144.79219
144.26439
143.65219
144.32721
144.05899
143.8728
143.4554
143.1688
143.42581
143.22739
144.078
143.3154
144.71922
145.37477
144.55959
145.89642
146.24701
145.48837
144.14362
143.84256
144.44577
142.9216
144.27803
144.8266
144.492
145.6688
144.903
145.4426
144.57759
144.969
144.71982
144.41663
144.79018
144.57199
144.4062
145.36284
144.09021
144.29797
144.99437
146.52922
144.91083
144.45657
144.63683
143.879
142.97096
142.91002
141.87617
143.94061
143.0862
144.71259
143.6698
143.4838
144.16
143.8304
143.41422
143.67924
143.6442
143.34677
144.22522
143.80638
142.7642
144.7244
145.78339
146.77823
144.99979
145.24364
144.9262
145.23596
145.41618
145.45741
143.17538
142.10802
143.45119
144.53981
143.75262
143.77042
143.97583
144.18459
144.1554
144.98178
144.07198
144.60942
143.8112
144.44519
144.73679
143.88583
143.64679
144.21735
144.93839
145.53015
144.60443
144.70076
143.41798
143.84181
143.36221
144.18517
144.5982
143.99982
142.4508
144.20416
144.86082
143.7618
144.25359
143.81618
142.18
143.98721
144.449
143.31062
143.49863
144.24998
145.0646
143.40877
145.39177
145.13182
145.4388
145.52621
143.61685
144.33362
143.76717
144.21703
143.97
143.96257
144.5854
144.61679
145.09357
145.25758
144.634
144.6042
145.51161
145.07281
144.16519
144.43079
143.31577
145.39497
144.237
143.1244
142.7942
145.1484
144.58421
145.15399
144.37122
143.90163
142.71922
144.62941
145.59856
145.302
145.44199
144.6354
144.7546
145.39821
145.19182
144.97963
143.97403
144.16399
144.0882
143.84181
145.7474
144.87979
144.9252
143.73923
145.16719
144.353
144.8666
145.2554
144.41301
144.12761
144.14082
145.41502
145.458
144.17036
144.09421
144.6596
143.99638
143.67639
144.6662
143.65521
144.1744
144.47342
144.53682
144.61763
144.95663
145.10042
145.16518
143.52039
144.14203
144.216
144.72539
144.59737
144.04662
144.2862
144.91461
144.37181
143.69403
143.7744
144.38539
144.23859
143.76923
143.99522
143.18439
143.20963
143.51
144.95801
144.46637
144.213
144.3908
145.0772
144.50214
143.70862
144.58719
144.63962
145.29799
145.3486
143.32239
143.31122
144.83902
144.9048
144.44293
145.1448
143.45341
143.93819
143.05043
143.68019
143.9548
143.10785
143.505
144.54538
144.547
145.48419
146.28703
144.94481
144.55598
144.40701
144.9824
144.5998
143.79218
144.31418
143.64758
144.54099
144.00163
144.92459
144.95341
143.94199
144.53119
145.00641
143.75542
143.95244
145.9484
145.36441
145.25282
143.5294
144.76219
144.6044
143.842
144.18163
142.4288
143.45718
143.993
143.74678
143.30682
144.7032
144.40562
144.60136
145.27803
144.30038
143.3952
144.66318
144.69499
144.44418
144.86322
144.67004
144.2374
143.66321
144.81918
144.36958
145.09439
144.99078
144.44217
144.33461
144.58978
143.2166
144.00981
144.32957
143.80763
143.7162
144.34317
144.81305
144.50098
144.09383
143.00502
143.464
144.04184
144.1994
143.56459
144.63838
146.49123
144.6442
145.20439
144.38379
142.49237
143.3312
145.12799
144.58858
143.52762
144.25919
144.1652
143.42001
143.22682
143.42758
143.62624
142.49002
143.74419
144.42499
144.25998
144.21658
143.33977
144.36836
142.71465
144.82916
144.21361
143.4972
144.21059
144.55621
145.0918
145.0418
144.69717
144.213
144.45941
145.3034
145.44443
144.95262
144.01042
143.35976
143.14081
144.81142
144.61383
143.6646
143.886
142.88057
143.41978
143.25018
143.11343
142.87163
142.95439
144.6124
144.13081
143.7378
144.16042
143.95958
143.41924
143.5124
144.26138
145.44698
144.69823
144.20897
144.2608
145.00859
145.18903
143.48639
144.26062
143.3778
142.96982
143.36943
144.77481
145.1442
144.2112
144.62057
145.09537
143.52959
143.07455
143.25722
144.65062
145.60161
145.47302
146.12439
145.53423
144.70322
144.85298
145.02438
144.2606
143.8028
144.91638
145.69763
145.41261
144.5666
145.97044
144.56601
146.127
145.33061
146.38324
144.95782
144.7218
144.7946
144.21901
142.98302
144.2286
146.09958
145.02179
145.99884
145.0228
143.16339
144.05363
144.04941
143.42001
144.2086
145.77583
144.75919
145.24081
144.27437
145.539
145.33296
143.91939
144.06462
143.83421
143.46622
143.72159
143.58522
144.7318
143.73901
143.50162
143.79938
143.4776
142.72406
142.64018
142.9922
143.21062
142.46138
144.061
143.61539
144.7858
145.88123
144.24458
144.63101
144.365
144.1628
144.0906
145.15701
141.89838
142.88179
143.5496
143.3458
144.19958
145.35553
144.83478
144.48
144.72299
145.0748
145.35597
145.86581
145.03737
145.37302
145.10223
143.65958
144.318
143.04037
144.29381
143.80981
144.28783
145.18678
143.93182
143.56001
143.87341
143.86102
144.4362
143.52878
142.83676
144.14381
143.14897
144.0732
145.32378
145.5866
144.8274
145.56522
144.56702
144.697
143.54561
143.53839
143.49483
143.59819
144.03284
143.191
144.92099
144.11922
145.06279
143.71661
144.66219
144.4542
144.29703
143.45876
144.01042
143.78522
145.06398
144.9574
144.92818
145.85039
146.1004
145.23177
145.49939
144.78438
143.60138
144.97218
144.22499
144.87364
145.58582
146.43921
145.15477
145.60437
144.81737
144.36583
143.578
143.72119
145.18796
145.32584
144.98781
145.2768
144.77956
145.24579
145.4956
145.78024
145.0264
144.846
144.2326
144.5142
144.43558
143.3256
142.8348
143.3514
143.1082
143.21841
143.37599
144.62819
145.29941
143.85161
143.97441
142.9722
144.57262
143.86319
143.3458
143.98541
144.76338
