129.32
131.2
129.52
126.7
130.78
128.2
126.24
133.22
127.1
128.28
127.2
128.68
129.16
130.16
131.86
132.04
129.8
130.98
129.7
127.34
129.84
132.32
131.32
124.1
129.2
128.96
129.24
126.6
129.32
127.04
128.78
129.56
128.94
125.44
128.88
131.66
126.92
128.62
131.56
133.1
132.26
124.18
126.54
124.5
130.48
125.5
131.28
131.38
131.98
127.3
125.54
131.46
127.96
126.58
129.7
129.74
122.88
131.0
128.6
128.28
129.88
126.38
125.12
130.74
126.18
123.88
130.38
125.64
130.22
132.8
132.52
126.14
126.74
121.06
125.28
133.48
132.28
128.28
128.04
126.5
132.0
126.9
130.86
130.68
130.5
129.6
132.32
128.0
128.98
127.36
129.64
129.64
129.32
129.36
132.56
132.14
127.22
127.72
128.58
126.04
132.26
130.3
130.62
124.62
129.28
130.26
130.72
132.52
126.36
131.14
128.58
127.28
123.26
128.8
130.44
130.18
131.08
130.64
130.92
133.5
129.5
134.12
133.78
127.12
128.82
125.04
128.94
127.2
128.8
128.56
126.46
126.7
125.4
126.7
128.94
129.52
131.32
133.04
127.1
126.06
125.42
128.62
129.06
129.14
128.0
127.86
128.16
127.94
131.36
129.24
127.64
130.58
126.82
127.52
128.32
127.8
126.8
132.22
133.44
129.6
132.6
129.52
131.02
128.3
132.32
133.36
126.4
130.42
130.94
128.9
131.0
129.5
130.62
128.18
131.46
130.02
129.18
132.04
128.66
132.0
129.64
132.74
127.36
128.92
130.64
126.62
125.5
129.22
129.72
127.86
130.62
130.0
129.56
125.86
129.98
129.86
129.86
132.2
127.72
129.34
125.52
129.8
128.86
130.24
131.08
125.42
128.26
127.74
127.0
128.08
127.32
126.62
131.18
133.16
124.26
124.94
129.1
132.0
127.68
124.84
126.36
127.66
127.72
128.08
127.86
133.24
129.4
129.16
127.46
128.56
131.48
129.68
130.68
122.0
128.66
131.56
127.96
126.48
126.0
132.96
129.06
134.42
129.84
130.12
132.72
130.4
130.14
131.84
129.96
131.76
125.8
130.1
133.58
128.94
131.96
127.16
124.38
129.68
127.54
130.02
127.02
124.92
126.6
127.52
129.9
129.34
131.24
130.62
126.9
128.16
128.16
128.1
131.6
128.6
129.44
129.24
127.92
131.28
123.88
125.18
130.98
131.02
124.72
124.06
127.1
131.28
125.82
128.96
129.04
130.82
130.88
127.84
125.56
131.66
126.94
128.22
128.66
126.34
128.92
132.48
127.02
128.48
129.82
129.36
124.9
125.9
126.66
131.64
128.98
129.64
130.44
129.86
122.56
129.08
127.18
123.94
130.64
128.56
126.9
126.04
127.02
130.74
127.96
132.64
132.0
130.64
128.82
125.18
122.44
123.94
125.16
128.34
127.58
130.14
128.54
126.82
126.06
129.68
129.38
129.78
129.26
126.22
127.64
131.0
131.46
130.54
133.0
131.52
128.84
127.44
127.92
132.2
127.26
131.6
129.0
123.64
128.72
130.62
130.1
132.94
128.06
129.92
131.84
129.88
124.74
129.28
130.6
126.38
133.94
133.1
126.78
129.96
130.16
130.92
131.32
133.06
130.56
129.32
128.98
123.34
131.62
126.82
131.34
129.2
130.36
131.02
129.76
128.1
121.26
130.02
127.26
126.98
133.16
132.0
126.88
129.96
128.8
126.68
129.38
131.3
126.5
127.18
127.56
132.92
130.78
130.4
129.64
131.18
130.82
131.0
129.92
129.44
130.68
129.24
130.88
129.82
130.46
124.74
130.64
128.86
130.68
128.12
122.44
128.4
130.96
130.28
132.24
129.08
129.08
131.28
126.4
126.78
128.22
127.1
126.44
132.2
130.72
130.0
130.26
129.92
130.8
125.66
128.9
130.18
129.88
132.74
131.54
128.3
132.32
127.06
129.54
127.44
123.58
123.58
123.64
131.66
124.48
124.98
130.72
129.26
127.32
126.6
130.22
129.08
122.6
121.28
122.78
129.06
128.34
117.44
127.7
127.86
126.94
129.02
130.64
127.92
126.26
130.34
134.08
130.06
127.32
126.68
123.44
127.78
129.58
127.5
129.12
129.52
133.06
131.46
127.62
131.32
130.7
128.44
130.92
130.84
130.28
129.54
129.72
122.42
127.46
126.92
128.6
133.18
127.72
125.66
130.82
128.66
129.8
130.3
127.32
126.6
124.2
124.8
129.88
126.76
131.18
129.8
130.08
127.94
129.58
129.96
128.92
127.72
128.76
130.32
131.28
131.32
126.5
131.72
130.96
133.64
127.1
127.98
128.88
130.42
130.92
127.82
127.88
129.64
118.38
128.86
126.96
133.16
129.46
131.74
130.96
130.14
124.54
130.58
131.82
130.6
131.64
130.06
125.9
127.6
130.18
127.38
128.44
131.96
130.98
130.74
131.62
126.32
130.94
130.02
121.06
128.3
128.64
127.24
126.78
127.28
129.4
127.36
132.0
124.3
128.94
130.46
127.12
130.18
125.4
125.1
128.34
131.2
127.22
129.46
130.62
125.68
126.62
131.86
124.9
129.2
129.34
131.96
131.64
128.34
124.94
125.34
127.76
130.98
131.4
132.92
129.68
127.9
128.82
130.26
131.82
133.32
132.24
132.42
128.96
129.54
128.98
125.38
128.88
129.14
129.34
128.76
129.56
126.8
127.14
129.94
135.08
125.08
131.0
129.64
129.92
132.24
133.92
130.64
132.72
127.36
129.32
127.82
131.12
128.18
127.76
126.1
126.0
131.24
126.98
129.34
130.92
128.8
126.62
131.84
126.52
130.24
131.78
133.42
129.66
131.06
130.22
129.92
130.92
126.58
128.64
129.68
126.36
131.4
127.32
125.14
129.28
121.36
126.26
129.82
131.14
131.9
129.2
132.1
129.88
133.5
126.86
132.94
131.66
133.0
128.98
128.72
132.12
131.42
132.1
128.9
128.12
127.4
127.04
124.98
127.1
131.88
130.06
127.54
131.9
128.62
127.06
129.78
127.12
129.14
130.48
131.96
131.12
129.92
130.3
129.22
129.44
124.68
130.94
130.84
130.4
133.16
126.46
131.78
127.04
131.86
121.62
127.66
131.04
127.12
132.56
128.52
126.08
128.78
124.76
131.84
128.14
129.92
132.28
126.58
128.86
132.82
132.04
133.38
128.04
129.7
131.8
125.62
128.94
129.64
130.0
128.34
128.46
124.54
129.46
130.8
130.44
130.36
127.44
129.94
129.98
132.34
131.78
130.8
128.56
125.28
132.5
132.04
130.34
129.38
128.68
129.08
130.9
131.72
125.86
126.24
129.82
128.66
128.06
126.16
125.24
128.5
128.32
127.42
127.58
125.7
121.04
129.6
127.92
132.92
129.64
126.78
129.04
132.18
129.12
129.28
124.02
129.46
134.32
133.58
124.28
124.38
129.34
133.18
131.38
133.36
131.1
129.3
128.66
130.96
132.4
126.7
130.92
124.18
128.0
126.82
125.92
128.26
129.5
131.2
131.76
129.58
129.56
127.96
127.0
128.22
129.6
130.0
129.72
132.18
128.52
128.36
132.74
127.02
129.06
126.48
125.0
129.56
131.92
129.8
128.62
130.66
126.78
131.46
128.14
125.5
131.04
128.38
129.14
128.44
128.28
127.72
130.42
130.44
129.36
124.94
131.52
130.76
128.46
122.22
130.82
129.08
128.32
128.9
129.82
131.0
132.24
129.56
129.6
129.94
128.68
128.1
130.44
131.3
129.48
130.36
130.18
133.24
132.58
132.02
128.46
129.54
130.68
129.4
128.9
134.12
130.38
124.82
130.02
127.0
125.42
126.5
127.76
125.14
128.42
128.14
126.12
126.38
121.62
128.82
128.96
125.74
125.1
128.44
130.98
132.42
130.4
125.14
128.16
129.3
130.32
132.8
128.8
126.96
127.02
126.78
130.18
132.32
127.38
122.38
128.28
128.46
132.52
127.06
128.28
127.56
125.78
132.18
131.1
124.14
130.68
130.48
129.04
133.02
129.98
131.02
126.7
130.26
125.4
125.64
126.56
130.4
127.24
125.06
126.06
131.84
131.26
126.7
127.88
130.44
129.06
130.16
127.72
129.66
131.64
122.16
129.72
128.78
130.12
129.8
132.2
131.58
128.58
130.56
130.18
130.72
129.8
129.88
132.34
125.06
127.38
131.16
131.96
133.08
129.9
134.98
131.44
128.86
131.62
129.36
129.62
132.3
132.36
130.04
129.2
128.06
127.06
130.48
129.0
131.52
131.94
129.82
131.3
131.88
130.56
128.68
126.6
128.22
130.16
130.18
126.9
128.54
123.72
125.48
128.24
128.5
131.12
124.42
126.88
121.18
130.04
127.62
131.0
128.52
128.46
