-3.1533334
-2.5059068
-2.5169172
-2.3637397
-1.7481544
-1.4941964
-1.1608064
-0.94441974
-0.78946614
-1.0667875
-0.44199494
-0.9259771
-0.83053654
-1.2998651
-2.6141675
-3.0046904
-2.63041
-3.3870423
-3.0680897
-1.9567374
-1.8352114
-1.2074922
-1.3233827
-0.8715133
-1.3456903
-1.4765875
-1.0137755
-1.5261606
-1.2299287
-0.9421074
-0.9556739
-0.86005497
-0.9396603
-0.76602143
-1.0618548
-1.1869456
-1.2874683
-1.3527982
-1.44858
-1.7772938
-1.5829904
-1.6660241
-2.193882
-1.9152211
-1.5878807
-0.5350158
-0.8293465
-0.9041359
-0.9547674
-1.369139
-1.6836332
-1.933675
-2.0383875
-1.7158626
-1.5360298
-1.5477753
-1.3109641
-1.6217053
-1.3783582
-1.1477525
-1.1910203
-1.2063007
-1.9447919
-2.5757465
-3.1787808
-4.2055216
-4.255914
-4.68973
-5.2597637
-5.476002
-4.9044604
-4.72318
-4.4956985
-4.4694695
-4.370975
-5.3218794
-5.7299843
-5.263481
-5.2088914
-5.0604324
-5.508529
-5.909351
-5.566507
-5.1349797
-5.6022773
-5.626075
-6.134916
-6.280111
-5.2929435
-4.812408
-3.588528
-2.9141438
-2.9674268
-4.756184
-4.1676745
-4.5220413
-4.703232
-4.0585284
-3.7897038
-3.2263806
-2.9552186
-2.335636
-2.3084853
-1.7361528
-2.4827135
-3.0886211
-2.986968
-3.20482
-2.8391514
-2.444538
-2.624878
-3.068303
-2.8475287
-3.0381389
-3.7010703
-4.2657256
-3.979354
-3.4406486
-3.943318
-4.14549
-3.7623866
-4.510727
-4.6131964
-3.9372668
-4.4483767
-4.1548367
-3.8707519
-4.5967703
-5.0315323
-6.1932883
-6.362412
-6.6651497
-7.186961
-6.9052124
-6.625398
-6.308001
-6.5541544
-6.0567646
-6.6027155
-6.0771704
-5.683666
-4.808604
-4.4594193
-4.184692
-4.323089
-3.7325118
-4.0083036
-4.5062776
-4.3885846
-4.00122
-4.2979617
-4.1224146
-4.338758
-4.4735904
-4.5198607
-4.26729
-4.922343
-4.909287
-5.939207
-6.134049
-5.893248
-6.2037063
-6.242307
-6.134871
-5.5532694
-6.937974
-6.097482
-5.826027
-5.3025036
-4.85521
-4.407354
-3.7981505
-3.4287667
-4.013305
-4.693279
-5.0233684
-4.8339744
-5.008045
-4.9119573
-5.051759
-5.613557
-5.2507763
-5.4975863
-5.953492
-6.0880876
-5.1942234
-5.242195
-4.501583
-4.270673
-4.5053954
-4.319557
-4.1611924
-3.3198323
-3.652515
-2.87055
-3.3262107
-4.2976074
-4.7889442
-5.0417247
-4.839114
-4.1146097
-4.2502427
-3.7834616
-2.8608043
-2.5995665
-2.3677027
-2.2605982
-1.5608873
-1.3619328
-1.0403533
-1.6359574
-1.4578159
-1.9398385
-2.3316712
-2.0718868
-2.6053886
-2.654794
-2.7378638
-2.524573
-1.9636441
-1.8277341
-2.1991975
-2.866202
-3.5372498
-3.1025753
-2.9746034
-2.5965922
-3.0134284
-3.6573648
-3.2102547
-3.7815006
-3.3481152
-2.42438
-2.6880505
-2.5535529
-3.4908576
-2.9896462
-2.7355206
-2.5499198
-2.2962558
-2.4101293
-3.374007
-3.4385407
-3.1448996
-2.272688
-1.996982
-2.476286
-2.3622644
-2.3072455
-2.0662093
-1.8936265
-1.2830346
-1.6643392
-1.4051272
-0.6552669
-0.26744804
-0.32844728
-1.0598773
-0.88484776
-0.9310437
-0.97312194
-0.5797922
-0.826787
-0.5036056
-0.50420475
-1.0776907
-1.1123295
-0.42004335
-0.2947628
-0.14481397
-0.39250296
-0.28459805
-0.019703945
0.07543783
-0.5671077
-0.7198257
-0.11064326
-0.5630559
-0.8432245
-1.4199555
-1.1798491
-1.8197398
-1.2413586
-1.0154942
-0.881163
-0.75676984
-1.0775
-1.4836285
-1.7655153
-1.1783543
-0.6482233
-0.7098999
-0.36368832
-0.26903036
-1.0493997
-1.2044312
-0.83883053
-0.33006787
0.16290109
0.46329296
0.13623765
-0.2940863
0.12736276
0.5103934
0.18404125
0.13549529
-0.07920017
0.040756203
-0.024211535
0.094962694
0.17681304
0.38518336
0.46250764
0.20738642
0.09486619
-0.08315742
-0.739881
-0.9396373
-1.7773983
-1.6555578
-1.6305679
-1.2327392
-1.5422521
-1.4006643
-1.2352852
-1.6905141
-2.1513357
-2.2767973
-2.468409
-3.0590594
-3.1715043
-3.3122287
-2.8027177
-2.7749264
-3.0700681
-2.9920392
-3.64355
-3.93746
-4.125337
-4.997926
-5.739599
-5.9646893
-7.161802
-7.5804358
-8.165352
-8.399327
-7.670494
-8.149
-7.64813
-7.4279513
-6.751071
-6.595794
-7.2512283
-7.289008
-7.8658247
-7.2608447
-6.3521748
-6.840205
-6.771525
-6.602016
-6.4963417
-6.2521253
-7.4335346
-6.5040817
-6.666463
-7.00428
-6.549115
-7.0917087
-7.150736
-5.842743
-6.247162
-5.608981
-4.820782
-5.166663
-5.224778
-4.598564
-5.465945
-4.070504
-3.4157405
-3.4498193
-3.2328012
-2.4453986
-3.2713094
-3.1193588
-1.9822519
-1.9639469
-2.9644108
-2.8368247
-2.9021132
-2.0684097
-1.6007723
-1.6517467
-0.67280483
-1.1216124
-0.5364473
-0.5667247
-0.5943736
-1.3298339
-0.92381763
-0.8409121
-0.95289254
-1.2836509
-0.057639416
-0.3445151
-0.8079187
-0.7931633
-0.6966944
-0.35699803
-0.23658207
-0.2210333
-0.8429931
-1.0727123
-0.801427
-0.52282834
-0.7294753
-0.29897004
0.16522573
0.38597247
0.114064455
0.19676708
-0.20286925
-0.028603952
-0.3789552
-0.40439194
-0.052256048
-0.00642419
-0.102140516
-0.3103709
-0.5058644
-0.819625
-1.6514614
-2.5550203
-2.480962
-3.78368
-3.1713803
-2.342475
-2.3399804
-1.6594305
-2.2446017
-1.9834152
-2.7878609
-3.2880185
-3.693511
-3.7110574
-3.1462717
-2.400326
-3.329533
-3.6838012
-4.0100865
-2.529866
-1.5003862
-1.405767
-1.2369415
-1.395373
-1.7971681
-1.8561255
-1.9158598
-1.9956925
-2.1139827
-3.3356683
-3.439106
-2.9570358
-2.9759328
-3.1537807
-3.957076
-2.5600445
-2.814896
-3.5360463
-3.5024176
-3.2189882
-2.73924
-3.1348913
-3.147455
-3.4779062
-3.1190407
-2.747163
-2.633728
-2.107685
-1.7992892
-1.8585821
-2.161706
-2.1336448
-2.2438111
-1.8347042
-2.0907402
-2.1216264
-1.8388498
-2.8788257
-2.303595
-1.6195914
-1.7586688
-1.8005404
-2.033919
-1.7009598
-2.2044554
-2.160832
-2.0742295
-2.0294576
-2.0706987
-2.5765586
-2.2382824
-2.8605938
-2.4695184
-2.220513
-2.3294253
-3.5883436
-3.7787101
-3.6103325
-4.050623
-4.913652
-5.22405
-4.837079
-4.7571096
-5.3471017
-5.4196644
-5.6000934
-5.716581
-5.2461543
-4.703096
-4.721837
-3.9568212
-3.973507
-3.5243332
-3.350573
-3.7980273
-4.162699
-3.6585903
-3.5636663
-3.701433
-3.6990392
-3.2827268
-4.081409
-3.840753
-4.2538986
-3.9971783
-4.239803
-4.202124
-3.5487528
-3.5618217
-4.001493
-2.7298672
-3.72116
-3.6122863
-2.8498242
-3.510556
-2.6328812
-2.3368726
-2.0111575
-1.7464936
-2.653055
-2.5372288
-2.68315
-2.8941426
-2.476557
-2.872791
-2.60991
-2.3345757
-2.2745357
-1.9222957
-1.337631
-1.2050716
-1.0450528
-0.45085064
-0.59929305
-0.30088964
0.022015005
-0.47576377
-0.62215203
-1.0708206
-2.221732
-1.802671
-1.3283213
-1.1067172
-0.976861
-0.61801815
-0.6301425
-1.2026798
-1.2946783
-1.173183
-1.6426678
-2.692852
-3.673944
-3.0731316
-2.4481263
-2.9169426
-3.0570774
-3.815026
-3.5122516
-3.588972
-3.4624293
-3.8668356
-2.9648707
-2.5984
-2.0727339
-2.0768685
-2.2775273
-2.6171534
-2.5544379
-2.4754398
-1.0741581
-1.9479915
-2.905569
-4.127223
-4.026204
-4.8697033
-5.3539386
-5.562653
-6.0014706
-4.9061136
-3.784263
-4.341537
-4.052574
-4.084919
-4.3486176
-5.5038466
-5.3621492
-4.67187
-5.5404916
-4.809794
-3.4660957
-3.2328072
-3.7786987
-5.175465
-5.303673
-4.9211197
-4.3719316
-4.503269
-3.0583694
-1.9742045
-1.7619672
-1.3866011
-1.8288692
-2.0074322
-2.2292538
-1.6651787
-1.0664598
-1.1857085
-0.97157764
-0.64720774
0.020563018
-0.39865413
-0.613419
-1.080538
-1.3653965
-1.5582625
-1.6856394
-1.1331073
-0.71856135
-0.5872689
-0.13107131
0.17607267
-0.73039174
-0.34059727
-0.8864804
-1.3787476
-1.2811133
-0.6505417
-0.49613386
-0.44564193
-1.2405552
-0.78273106
-1.0546693
-0.82295406
-0.6309873
-0.41460958
-0.20875612
0.06794695
0.29210934
0.18305041
0.09657136
0.029972969
-0.35822454
-0.048470043
-0.2438778
-0.28056738
-1.1567347
-1.8929493
-2.0505357
-1.9086146
-2.4276273
-2.5264065
-2.330644
-3.0351675
-2.4444335
-1.7993165
-1.3250053
-0.79756784
-1.2686774
-2.1978793
-1.3733451
-1.4345721
-1.2200553
-0.5455656
-0.3818256
-0.17461826
-0.25192997
-1.1261364
-1.4424607
-1.0390841
-1.3121469
-1.7982184
-1.847505
-1.8133372
-1.0637641
-0.74642783
-0.4754225
-0.26691207
0.22758979
0.2944872
0.004394276
-0.17486545
0.25363722
0.11452101
-0.1798934
-0.06864033
0.06329276
-0.23872937
-0.5664361
-0.623654
-0.74900323
-1.7373621
-2.0374565
-2.124723
-2.1835046
-1.7112911
-1.6443849
-1.788991
-2.3266087
-2.0490937
-1.7504718
-1.5660217
-1.2080888
-1.069804
-1.486288
-1.6175643
-1.5783861
-2.235343
-2.2599661
-2.32952
-2.5922935
-2.27594
-2.392448
-2.4231446
-3.150863
-4.1254334
-4.040632
-3.4803586
-3.471036
-3.618279
-4.014576
-4.476526
-3.2854555
-3.2896054
-1.9980558
-2.383231
-3.293747
-3.7081387
-2.9328463
-2.4649403
-3.933401
-3.9179282
-3.9417126
-4.280309
-4.2981997
-4.0474477
-3.511355
-4.064232
-4.1884484
-3.6303637
-3.557265
-2.7283952
-3.080374
-2.609407
-2.205283
-2.1172824
-1.5928125
-1.9429947
-2.2060268
-1.40573
-2.1116502
-1.8793932
-1.8862311
-2.1893153
-2.559687
-1.7468075
-2.1172347
-1.2707605
-1.0880207
-0.80623466
-0.5171295
-0.91342634
-0.992064
-1.030691
-0.9052172
-0.93876487
-0.6096779
-0.86322796
-2.0296702
-1.6223308
-1.9306113
-1.25085
-0.8233978
-1.4882717
-1.9800609
-2.0113165
-2.1652162
-2.1692863
-1.9505537
-1.7947102
-2.260056
-2.055133
-1.2784728
-1.4686526
-1.7685261
-1.8183324
-2.275651
-3.0026405
-4.2558365
-4.3910737
-4.5155687
-4.5044365
-3.3227704
-4.281994
-4.470532
-5.05889
-5.8981977
-6.1386127
-6.3795705
-5.5872545
-4.980491
-5.29775
-4.392042
-4.5930457
-5.6608963
-5.979199
-5.747168
-6.2908115
-6.431269
-6.579146
-6.264562
-6.195352
-5.5491405
-5.0787945
-4.861434
-4.5759344
-4.2951937
-4.000227
-3.1639953
-3.3877528
-3.3799388
-3.6092215
-3.2451427
-3.7504141
-2.277386
-1.4308355
-1.1705366
-1.1727265
-1.80989
-2.0538375
-2.6175346
-1.9966176
-2.658545
-2.6098208
-2.974807
-3.169741
-3.712325
-3.1588652
-3.0057673
-3.4742963
-3.9535117
-3.7270699
-4.0198092
-3.6424294
-3.9695218
-3.7249873
-3.996337
-3.9656782
-3.9951134
-4.0195236
-4.484466
-3.9670267
-3.6756701
-3.3594685
-2.3207107
-2.5173333
-3.0567822
-2.361872
-2.0464005
-1.1694052
-1.3577036
-0.63522816
-1.1023964
-1.3518794
-1.5589632
-1.5083252
-1.3881135
-1.4212717
-1.0702219
-1.5551745
-1.8927604
-1.9335527
-2.0672827
-1.8324724
-2.0367448
-1.5954845
-1.5341395
-2.18804
-2.2963057
-1.8709675
-1.7413235
-1.6175287
-1.4611617
-1.7248936
-1.4020182
-1.5461187
-2.2153223
-2.6603844
-2.9652739
-2.6595836
-2.5949626
-2.5863657
-2.118327
-2.7111366
-3.148273
-3.3782933
-3.4767337
-3.137846
-3.701216
-2.9682915
-3.5660822
-3.1009903
-2.664837
-3.3976038
-3.0531282
-1.9526359
-1.8139977
-2.3179486
-1.503788
-2.2041757
-2.146496
-1.9207454
-2.3263817
-1.9672976
-2.1926882
-2.5088906
-2.344518
-2.922889
-2.9782805
-2.9411318
-2.7619221
-2.327699
-2.0566602
-3.0480301
-3.2471237
-2.6762962
-3.3655412
-2.8614783
-2.8598332
-3.4577777
-3.5331495
-2.8989317
-2.8232546
-2.6034703
-2.1362638
-2.35662
-2.1961737
-2.2470732
-1.4853376
-1.6487135
-0.9150834
-0.91307104
-0.8866319
-0.8895119
-0.49759477
-0.95624804
-0.6337663
-0.68278575
-0.99987507
-1.2411634
-1.5879121
-1.7145398
-1.4082301
-1.7064784
-1.0962704
-1.2533588
-1.0794258
-1.535675
-1.7677702
-1.5727916
-1.1119114
-1.6258647
-2.8094318
-3.5697093
-4.138716
-4.8601174
-4.4319987
-4.958756
-5.013644
-4.8685064
-4.8253503
-4.284452
