1.9020336
1.9698622
1.9802731
1.9802908
1.9812948
1.9675782
1.9699743
1.965267
1.9968047
1.9651076
1.9859911
1.9861635
1.9964248
1.9699497
1.9700112
1.9767962
1.9746901
1.9496447
1.9390261
1.9964669
1.9453685
1.9392726
1.9916638
1.9967837
1.9967837
1.9950441
1.9987183
1.9987183
1.98708
1.9890721
1.921948
1.9045177
1.9507685
1.9477444
1.9887954
1.9916914
1.9918116
1.9220561
1.9139681
1.8857188
1.9631648
1.9106042
1.9271091
1.9363582
1.9539261
1.9951684
1.9880697
1.9429464
1.9734411
1.9731475
1.9898009
1.9458987
1.9402132
1.9557396
1.9792132
1.964549
1.9445286
1.9815936
1.9474853
1.9904755
1.9897292
1.9308441
1.9969484
1.9969484
1.9509503
1.9160694
1.9162116
1.9732674
1.7799716
1.8609227
1.7532678
1.9021057
1.4688958
1.482259
1.7501574
1.9462175
1.895998
1.925427
1.9906294
1.9796839
1.4799763
1.5133098
1.8672976
1.9668751
1.8561447
1.7727901
1.7538671
1.7538898
1.7574804
1.5308596
1.2901484
1.5269823
1.9369551
1.1418301
1.3801627
1.6437558
1.9770725
1.8969276
1.9046966
1.3227687
1.8782226
1.9656063
1.650876
1.9947548
1.8813028
1.8741149
1.9784757
1.9812107
1.9961284
1.9961284
1.9876189
1.732399
1.5841628
1.769068
1.9808729
1.9510356
1.7322017
1.7788798
1.4012536
1.8921212
1.736978
1.3774962
1.8880051
0.68092024
1.2856989
1.418009
1.8815567
1.4901118
1.9481348
1.9617838
1.8376318
1.1535765
1.9296571
1.7964072
1.7150278
1.8339974
1.6322389
1.784028
1.784028
0.46194467
1.9957931
1.9997346
1.9997503
1.9997503
1.9997503
1.9997419
1.8332989
1.7586284
1.8723308
1.8981208
1.9350387
1.9351008
1.9353493
1.3463414
1.9841251
1.5416611
1.8648676
1.8648762
1.284224
1.9612592
1.9612592
1.848733
1.9839756
1.870699
1.9760664
1.8621756
1.9416137
1.8685662
1.9781574
1.9896408
1.9983308
1.9726775
1.9726775
1.9651511
1.9837909
1.9837958
1.9747711
1.9363139
1.9371678
1.9324299
1.927307
1.9141009
1.9692762
1.8578196
1.9627209
1.8578162
1.8339092
1.8027027
1.5143124
1.6432891
1.6867814
1.9798251
1.9798266
1.9720876
1.9782106
1.9812182
1.7217436
1.9862903
1.6260701
1.975262
1.9862201
1.9562722
1.956274
1.9914044
1.9467461
1.9272051
1.9325312
1.936822
1.8814132
1.9802823
1.9866616
1.9271396
1.7042173
1.9648092
1.6685188
1.5369188
1.8766832
1.879971
1.8810816
1.9437578
1.6216874
1.9705349
1.9787861
1.2694302
1.5445344
1.6353848
1.8585345
1.9320381
1.9459082
1.6603875
1.7486353
1.619899
1.6201161
1.835759
1.8051726
1.8152872
1.9911762
1.8030401
1.9751334
1.9965882
1.9476181
1.8612777
1.8799827
1.9155414
1.9423304
1.9228705
1.8002129
1.9415159
1.9459772
1.8724147
1.9115678
1.9677472
1.9921288
1.9687259
1.9687272
1.9357839
1.9340305
1.9335357
1.9340253
1.9939663
1.9947875
1.9975019
1.9793594
1.9870582
1.9956648
1.9946481
1.9931878
1.9957103
1.9364572
1.954072
1.9586631
1.9846122
1.9872105
1.964856
1.9513332
1.9691697
1.9810568
1.9645692
1.9681464
1.9681464
1.778403
1.778403
1.9656397
1.9656397
1.890405
1.9432893
1.9633899
1.9846413
1.9648508
1.9881016
1.9939172
1.8978251
1.9670417
1.9783357
1.9567294
1.9309417
1.9499187
1.960522
1.9931809
1.9863719
1.9807642
1.9807662
1.9804677
1.9552616
1.9993781
1.9911113
1.9628088
1.9936004
1.9596591
1.8616921
1.9389775
1.9344832
1.9946028
1.9782562
1.9782562
1.9840552
1.9925371
1.9978006
1.9661376
1.9653181
1.938099
1.937713
1.9410295
1.9837784
1.9660401
1.9281446
1.8872619
1.9865569
1.9869946
1.9304092
1.9317309
1.9317653
1.8530867
1.8825905
1.8876371
1.8945
1.951328
1.9550917
1.9769474
1.9944875
1.7204123
0.8868141
0.28987363
1.4425088
0.44280627
0.84674376
1.0421934
1.2118737
1.6655147
1.6830573
1.7130884
1.9160016
1.9196995
1.9195538
1.5571529
1.9537609
1.8693202
1.4663285
1.9505081
1.9596798
1.7593502
1.5099908
1.5583597
1.979111
1.9589462
1.4997034
1.8126677
1.7047917
1.798139
1.8194522
1.5162203
1.8366431
1.8724548
1.9705708
1.9393607
1.9702485
1.9591118
1.9657187
1.9672555
1.9759395
1.9616667
1.9403073
1.9406911
1.9712969
1.9175315
1.9171382
1.9171032
1.7115204
1.9367985
1.9919102
1.9976323
1.9976497
1.9977918
1.9923258
1.9923258
1.991884
1.9940903
1.9866364
1.9855653
1.9619687
1.9930731
1.9448209
1.9980412
1.995214
1.960507
1.9870291
1.9606596
1.9236875
1.973099
1.973099
1.9951831
1.9953874
1.9985855
1.9994328
1.9986876
1.9965043
1.9997151
1.9996935
1.9952878
1.9952878
1.9952878
1.9951068
1.9946367
1.9502956
1.9938284
1.9930769
1.9969541
1.9288995
1.9972297
1.9897902
1.983982
1.9974096
1.9764501
1.9864794
1.9913172
1.9864683
1.8611528
1.8586466
1.8812581
1.9245207
1.9769281
1.9845192
1.9845192
1.9719976
1.9842255
1.987763
1.9910216
1.9841624
1.9726678
1.9889083
1.925803
1.981366
1.9989252
1.9779032
1.9410036
1.9891243
1.9932368
1.9851217
1.9873734
1.8590908
1.9909313
1.9852664
1.9214506
1.9836913
1.9011912
1.9934297
1.9932325
1.9506309
1.9913504
1.9906873
1.9567335
1.978803
1.9180162
1.9180162
1.9436119
1.9174677
1.9068729
1.9179742
1.915537
1.9346627
1.9264771
1.9260947
1.9226224
1.922455
1.8344634
1.9823854
1.9801744
1.8198392
1.9059273
1.9850879
1.9400607
1.9448254
1.9689522
1.935681
1.8617313
1.9404974
1.9653184
1.9432075
1.8671851
1.949772
1.8057077
1.9126889
1.9534839
1.9535122
1.7749562
1.7700733
1.6175516
1.9001744
1.5855799
1.9423542
0.83695954
0.89053035
1.4401158
0.915217
0.056276347
0.34869277
1.2325541
1.2364496
0.8634158
1.8274462
1.7616972
1.954859
1.8694043
1.7383463
1.2851475
0.97927845
1.9052305
1.9291497
1.8006636
1.9441605
1.8781706
1.8075392
1.9627811
1.941954
1.8631917
1.7457858
1.9069959
1.9071946
1.9972427
1.9705454
1.999762
1.9067051
1.9942355
1.9822367
1.960875
1.9963833
1.8073477
1.9891099
1.9978802
1.9458492
1.936988
1.9911561
1.9897157
1.9858713
1.9800811
1.9890594
1.9790297
1.9802638
1.9796698
1.9786707
1.7779831
1.982865
1.8743395
1.8774065
1.9184644
1.8880867
1.9797003
1.9857943
1.9906571
1.9171038
1.9813546
1.980846
1.993545
1.8648363
1.9657294
1.9643565
1.9653182
1.9829462
1.9679084
1.9933579
1.9571928
1.9493576
1.9493606
1.9956086
1.9719503
1.9720258
1.9787189
1.9830247
1.9980633
1.8724376
1.9757276
1.9751902
1.976976
1.9775158
1.9786378
1.9780786
1.9769329
1.9792075
1.9983323
1.9991994
1.9846817
1.9977057
1.9793568
1.6845087
1.7142363
1.9528605
1.9247307
1.958788
1.9533191
1.9946036
1.9744241
1.9947666
1.7263862
1.9948281
1.9475322
1.9947505
1.9734625
1.9746647
1.9750829
1.9983565
1.9994496
1.9991231
1.999025
1.9995441
1.9989754
1.9987622
1.9993178
1.9899037
1.9982951
1.9984382
1.931467
1.9616053
1.9990859
1.9834207
1.9914439
1.9940951
1.9906025
1.9764594
1.9976406
1.997399
1.9971638
1.9971635
1.9971635
1.9966896
1.9854783
1.9962204
1.9765158
1.9700688
1.9700688
1.966148
1.9613816
1.9962608
1.9980434
1.9964232
1.989124
1.9920256
1.9884506
1.9886729
1.9917408
1.981966
1.9347881
1.9466226
1.9747233
1.9816377
1.9729093
1.9547762
1.9373564
1.9820069
1.9971524
1.960519
1.9406738
1.9456521
1.949706
1.9437495
1.9392612
1.9215921
1.9846256
1.997262
1.9853576
1.8739802
1.9725016
1.9953871
1.9955049
1.9956279
1.9993011
1.984785
1.9778968
1.9779936
1.9668965
1.9907906
1.8829238
1.9468056
1.9760559
1.9409393
1.9631132
1.9185137
1.9368036
1.9537675
1.9093245
1.9000373
1.8555572
1.8411847
1.9184263
1.9694138
1.9789085
1.917134
1.9860218
1.9083455
1.9460571
1.9380032
1.9889114
1.9995124
1.9947662
1.9798586
1.9799552
1.9784881
1.9920056
1.992911
1.9960697
1.9941424
1.9931457
1.9619217
1.8042697
1.8937132
1.9326689
1.9553807
1.9418706
1.8172866
1.7479827
1.9244764
1.8926783
1.9481797
1.9504113
1.963984
1.9692634
1.9958918
1.9996598
1.9995141
1.9996595
1.9962921
1.9988327
1.9988327
1.9787208
1.9824641
1.918123
1.9168863
1.9168863
1.9168863
1.9059772
1.9011834
1.9414712
1.9688351
1.9681278
1.9415901
1.9843831
1.9633335
1.9633104
1.994583
1.929012
1.9905539
1.71429
1.659359
1.8802879
1.9103743
1.8689672
1.876094
1.849958
1.9879173
1.9910804
1.9895384
1.9950386
1.9544972
1.9937505
1.9657767
1.8382618
1.9068644
1.9143007
1.9916203
1.9747016
1.9913656
1.9973148
1.9934096
1.9974841
1.993695
1.8815517
1.99851
1.998523
1.9731483
1.9731483
1.9831376
1.9928651
1.9904008
1.8358976
1.961746
1.8586845
1.9594616
1.9850188
1.9246159
1.9181777
1.9815868
1.9605277
1.9612999
1.9594702
1.946264
1.952396
1.9828341
1.9762142
1.9382159
1.9328414
1.908939
1.9912158
1.8717126
1.9783926
1.9563287
1.9476757
1.8229802
1.9321507
1.9217802
1.8388072
1.9669333
1.92519
1.92519
1.9665651
1.9665483
1.60425
1.389062
0.8667034
1.4350929
1.4369907
1.8927151
1.8838605
1.8754845
1.8754845
1.8754754
1.0988587
1.9773675
1.9773045
1.2698642
1.1455488
1.5189533
0.5408483
0.6385883
1.5089172
1.5275235
1.9352344
1.8850696
1.9530566
1.9936328
1.9597225
1.7835574
1.9583687
1.9945877
1.9810616
1.9635284
1.9640642
1.9691982
1.9939321
1.9995958
1.979881
1.9714692
1.9945474
1.9953337
1.9857899
1.8848677
1.8821342
1.8051668
1.7881124
1.9335735
1.9335735
1.9897854
1.949199
1.9509045
1.9171783
1.9215132
1.9647415
1.8723022
1.9733304
1.8461415
1.9973179
1.9093871
1.8642032
1.900249
1.9967448
1.8714039
1.9469087
1.9348471
1.9410001
1.941944
1.9879439
1.9833134
1.976569
1.9464272
1.9410849
1.9765395
1.9591173
1.9751284
1.9595456
1.9736887
1.9688057
1.8442775
1.9412444
1.9179497
1.9665025
1.9361627
1.898972
1.9129665
1.9889783
1.8773456
1.9504737
1.9827448
1.9827458
1.9863673
1.9541833
1.8281075
1.8570962
1.8570962
1.2607044
1.3577399
1.7557305
1.7196342
1.3722001
1.6173608
1.7544317
1.7286104
1.8979874
1.1065328
1.7966555
1.6374907
1.067471
1.9262744
1.9262744
1.9262744
1.9411274
1.9428153
1.8478084
1.9289515
1.9573921
1.772732
1.7558182
1.98166
1.98166
1.9884993
1.9884993
1.9884099
1.9586457
1.9593531
1.98058
1.98058
1.5544623
1.9440918
1.9683328
1.9490696
1.9490696
1.9630685
1.9787793
1.9543967
1.9773253
1.9663541
1.968342
1.8705406
1.9555216
1.9470725
1.9686397
1.9686397
1.9734896
1.9817734
1.9081185
1.970095
1.9626584
1.984692
1.9773529
1.9596789
1.9405237
1.9745383
1.9782237
1.9927287
1.9809184
1.9923581
1.9679232
1.9688827
1.9797199
1.9796926
1.979078
1.9527161
1.9492267
1.8293211
1.829951
1.9715472
1.9266934
1.8350309
1.7229658
1.6124747
1.6714815
1.8114697
1.8789972
1.0941614
1.8666713
1.945603
1.8479481
1.5967206
1.8870919
