143.78737
142.0102
140.24478
142.19722
142.61717
142.09
142.48056
143.16177
141.06999
142.928
143.38176
143.67879
143.22118
144.33456
143.42357
142.80899
142.96461
143.55878
141.58481
140.87201
141.43898
140.88622
141.4582
141.35338
141.83119
143.15016
143.8778
144.44623
144.5476
144.58961
144.51198
144.02357
144.08122
143.87541
144.07399
143.3698
143.45001
144.26442
143.39337
145.1792
145.29974
143.05418
144.01122
142.02818
142.5184
142.66222
142.11299
143.03177
143.82181
142.27222
142.74777
143.01138
143.07823
142.5172
144.4182
144.31058
145.55719
145.32254
143.96982
144.12881
144.9848
144.17221
142.3844
142.92003
142.427
142.58138
143.52676
142.553
143.3424
143.5058
144.16718
143.76602
146.29619
144.23941
143.51723
142.86998
143.0394
143.88217
143.16942
144.92122
146.0598
143.88779
142.54381
142.5238
143.87502
144.97641
146.04979
146.27681
146.27937
144.47162
145.2274
144.35684
143.90016
144.63298
143.80663
144.5312
142.62161
142.01459
142.57222
141.88678
142.2562
140.48604
141.2768
142.1582
141.26396
141.63562
141.6772
141.56558
138.75058
140.42838
139.89902
143.1988
144.11902
144.10602
145.4272
144.97278
144.15761
145.65825
143.73097
142.61539
142.83856
142.85979
142.91757
142.92801
142.8484
141.80998
142.65062
143.8978
144.25177
142.89381
143.34584
142.8678
143.55278
141.82817
143.00739
144.43521
145.23865
144.20981
144.6716
143.01122
142.63635
142.76817
143.9554
143.9912
144.41359
144.16779
142.2948
142.29543
142.59177
143.74919
143.09218
143.4782
142.59941
144.3684
144.12018
144.6932
144.6
143.37822
144.3596
142.90819
142.46523
143.38506
143.14839
143.86578
142.43481
143.5154
144.03323
145.13637
144.44736
145.76097
144.68202
146.25061
145.93916
146.85782
146.29214
144.90741
142.90462
142.25381
144.04779
146.25664
145.16518
144.56023
143.9734
143.42802
142.91246
143.7562
144.72661
143.82681
143.61462
143.36002
142.71161
143.32024
142.78099
142.35564
141.49663
142.054
141.51157
143.28279
143.5226
143.94382
143.96877
143.50261
142.66559
142.81061
144.47862
145.81621
144.33261
144.29121
144.22461
143.79323
143.90361
143.68323
144.38158
145.11421
144.97539
145.43176
144.83519
144.61403
144.6004
144.24998
144.71996
145.5504
145.06581
144.46481
144.81859
144.279
143.35782
143.09541
142.99638
142.34299
143.20865
144.88538
144.93578
142.88297
144.38458
145.7974
144.51361
143.15619
143.28078
143.0938
142.50061
141.6782
144.70763
145.07243
146.96577
147.06277
145.47917
144.9492
145.88423
146.02203
144.78616
143.5752
144.13959
144.65143
143.56857
144.4146
143.43579
145.49242
144.27481
141.79938
141.892
141.682
141.5162
141.2148
140.71799
142.43602
143.41422
142.59177
144.2552
144.76805
144.15602
144.28757
144.4864
144.6652
143.16539
143.57758
144.1886
144.91519
146.62656
145.97763
145.81696
145.601
145.6982
146.22237
147.46202
147.33218
147.7604
146.77962
146.17159
146.17899
144.393
142.13762
142.25699
143.35602
142.49658
142.76396
141.39284
142.69379
143.85239
143.49178
143.02177
142.06084
141.835
141.41959
141.9354
143.69957
143.15341
143.21501
143.946
143.29501
144.51642
144.4388
145.44997
146.1164
145.05382
144.34496
143.96242
143.73158
143.4598
144.0964
143.02121
144.43239
144.533
143.68219
143.29337
143.15157
143.98541
145.60043
145.01143
144.61623
144.17984
143.043
141.74654
143.60802
146.3866
145.49619
147.3392
149.00717
147.20338
146.02817
145.94423
143.03778
144.11536
144.54901
143.94878
144.04495
145.42183
144.9048
145.08177
144.0622
145.69527
145.80501
144.81837
144.30722
145.95001
144.9206
145.81921
145.28603
144.13257
144.69101
145.44281
144.85042
144.66339
143.15938
145.51398
145.82079
145.21463
145.37823
145.22797
144.38503
143.98721
145.35622
146.0364
144.91641
144.7706
145.07019
146.8882
146.112
144.43259
145.19781
144.25082
144.806
146.28378
147.55539
148.10179
148.8634
148.85
147.53864
146.23457
145.36961
146.33359
146.1828
146.886
147.38681
146.4388
145.74103
144.20895
143.98479
145.73822
144.13358
143.64021
143.41937
143.54266
143.7128
143.32524
144.17918
145.3854
146.16182
145.02922
145.2868
146.73842
146.78104
145.5186
145.23317
145.33937
144.37799
143.64859
145.21678
144.36678
142.7184
143.18161
143.4434
143.6374
143.98703
144.19841
143.86559
144.39
144.44339
144.40958
144.21979
143.6212
143.72644
143.85962
144.47119
144.98761
144.5954
143.95558
145.09721
146.01259
145.57762
144.98279
144.57004
144.71263
144.32863
144.29059
143.73222
143.038
142.07462
142.86679
143.70642
141.54819
141.0796
140.88402
142.94482
144.19142
143.346
143.7852
143.3642
143.6936
146.56496
146.20923
145.13622
146.14378
146.99101
146.3296
145.428
145.63618
145.2042
145.98705
145.09543
143.93285
144.06604
144.66579
145.54019
143.93883
141.77802
141.94365
141.61044
143.15422
142.65079
140.56137
140.5942
143.205
143.0306
143.38637
144.75182
146.38
147.76599
146.04839
145.2144
143.76859
143.5562
143.5932
144.31622
144.70901
143.37596
143.68677
143.80438
144.56839
145.01558
145.54259
145.78636
144.4492
144.5894
144.3272
143.93224
144.88882
144.11897
142.267
142.0148
143.14421
142.3608
143.24043
144.23422
144.18683
142.88199
143.3382
144.53038
146.0856
145.3018
145.1208
144.69318
145.2392
144.83916
144.36882
143.79861
143.72101
145.79239
146.13321
144.71764
145.36299
143.271
144.04779
146.13002
145.38681
144.06902
144.02962
145.69658
146.92764
146.91719
147.55519
147.88182
146.92902
146.04459
145.03976
145.72781
145.28741
143.52057
142.72723
142.71521
143.51324
143.835
144.02641
144.00742
143.11183
144.52518
142.16397
143.27498
143.56859
143.33302
141.97922
142.3924
143.54279
144.99835
145.8386
145.2174
145.36522
144.76103
144.65678
145.97144
145.54979
145.05162
144.90977
143.45439
143.0442
143.7334
145.66519
144.0176
144.13943
143.96738
142.62482
142.2542
143.22578
144.28041
143.688
143.66937
143.57436
142.30823
141.99059
142.4824
142.114
141.07323
142.07639
142.14742
142.57542
143.5744
144.9326
145.7578
145.0486
145.2872
144.3664
143.5832
143.18805
140.86542
141.0948
142.35619
142.97278
144.27237
145.26778
146.49277
145.36082
145.435
145.24419
144.21162
144.378
143.18001
142.44801
143.64822
144.84941
145.73422
146.67819
147.0858
146.799
146.5496
146.92896
144.65662
145.49963
145.6858
146.29382
145.9468
143.40082
142.9354
144.24521
143.99901
143.34697
143.64159
143.45917
142.76518
143.42302
144.02582
143.80783
143.97581
143.3818
142.7268
143.618
142.91998
141.93825
143.21637
142.00558
141.42938
142.88397
143.41582
142.9176
142.719
143.99379
142.9184
142.9746
144.13902
143.43839
143.98401
141.92218
142.8456
144.6478
145.78479
145.09262
144.63097
144.17882
144.61638
144.54218
144.26459
145.21881
145.965
145.7138
145.9194
145.38918
144.0688
143.55403
142.34778
144.32379
144.1986
146.00317
146.63521
146.892
145.40837
145.52481
143.92859
145.27899
144.4498
145.02477
144.4488
146.03824
145.50418
147.21658
147.22002
146.03098
146.81982
148.1224
148.3034
148.16144
148.0598
148.97198
147.4778
146.08902
143.81816
144.38518
144.2202
144.48778
143.467
143.11281
143.17279
143.02402
143.7452
144.9838
144.11519
144.63364
145.43843
144.66821
144.56596
143.05981
144.36801
145.64658
145.94139
143.87982
144.0338
144.7814
143.59502
143.94598
145.4072
143.7646
145.32117
144.1602
146.97461
146.22337
145.59802
145.23222
146.4242
147.62122
145.4238
144.07042
142.80998
144.32903
145.32181
145.46962
144.816
144.07521
143.73398
143.6344
144.13199
144.89638
144.76239
145.17558
144.5372
144.01878
143.69157
143.71902
143.91039
143.321
141.81282
143.2092
144.9958
145.3242
145.29617
145.24422
146.74461
145.22858
143.57518
143.75801
142.72577
141.93442
143.27939
145.57722
144.0538
145.29037
145.06462
145.66658
144.44423
145.70502
146.48618
145.41841
143.9272
142.79897
142.36581
142.20999
142.58861
141.2962
143.01079
142.11742
141.42381
142.4032
146.32103
147.38062
146.96661
146.8964
144.84663
143.84398
143.98918
144.12779
144.94359
143.51959
143.4974
143.08739
141.21538
141.48798
142.22739
143.86322
143.68321
142.15657
142.5594
143.21503
144.83902
145.30122
145.69041
144.03038
143.04544
145.41516
146.03764
147.04257
146.44199
145.0052
144.787
144.96716
145.47504
144.52998
143.5752
142.77762
142.10883
142.59178
144.53122
145.48737
145.5532
145.58022
144.29239
144.7004
144.203
143.12938
142.3066
143.36421
144.68619
143.80283
142.86382
144.57043
146.74158
144.15819
144.03723
144.87582
144.03397
143.35838
142.5014
141.88823
141.92819
143.26619
145.66919
147.4636
145.38158
146.40198
146.24223
145.35736
144.18822
143.6476
143.27779
142.9662
144.5862
143.87221
143.4986
143.67
146.06741
144.90019
144.13261
144.55457
143.9112
144.3988
144.82042
146.58562
146.57683
145.3558
144.99799
146.11
146.26604
146.4754
146.30278
145.50441
146.66158
146.07344
144.99063
146.49417
145.818
145.52542
146.2728
146.63663
146.15297
144.03064
142.29002
144.29922
144.75137
145.54941
146.59784
146.45859
145.80963
144.91118
145.11142
145.5898
146.55101
147.272
145.78523
145.8492
146.07996
146.02142
145.5156
144.3438
143.6414
143.72542
145.72218
145.54298
145.20503
144.96863
143.78783
144.38782
143.74799
144.46341
143.8166
143.85759
143.37662
144.63861
143.502
143.36638
142.42258
142.6908
142.97026
142.94742
142.89717
143.14178
142.72778
143.9734
144.25542
145.0534
144.47557
144.41977
145.02983
143.56342
142.64543
144.19682
144.72937
144.9458
144.21802
144.44559
145.36455
143.8704
144.36061
143.82518
145.09824
145.538
145.2178
144.9338
144.15578
144.16579
143.7752
144.80801
144.70245
144.24918
145.12259
144.5326
144.06984
143.20781
144.9986
145.01837
143.58917
143.02802
144.08202
142.54356
142.57541
143.042
144.3386
143.81181
141.4018
142.5474
143.26222
142.99901
143.84741
144.69223
145.83278
146.17743
147.019
147.16359
147.11919
146.1984
147.081
145.48181
145.21698
144.66516
145.29462
144.8474
145.96457
146.28918
145.58723
144.5728
144.541
145.37401
144.2052
143.27597
143.36938
144.48582
