127.86
126.18
128.62
127.26
128.28
126.06
125.88
129.5
129.56
132.32
132.36
127.16
129.52
131.38
127.64
128.04
128.04
129.2
129.46
126.28
125.92
123.76
125.62
128.86
124.94
127.3
127.24
132.04
131.92
127.24
127.04
130.78
132.3
129.12
130.16
130.36
128.84
128.82
127.1
130.64
127.24
126.76
125.44
125.12
127.08
128.34
128.7
125.1
131.04
128.16
126.74
128.12
128.5
130.54
129.98
127.4
130.8
130.5
130.16
127.08
131.12
128.78
126.8
126.92
124.18
131.04
130.14
128.36
128.44
126.04
130.76
127.46
132.56
130.96
131.48
127.0
124.94
124.74
128.1
127.24
126.38
130.2
128.54
125.96
125.88
131.64
131.74
131.28
131.78
132.7
133.6
131.92
130.82
125.1
128.36
126.56
124.76
128.1
128.6
131.44
126.5
120.82
123.8
129.58
125.8
123.74
122.06
122.52
122.04
121.48
125.76
127.6
130.36
134.22
132.14
126.16
125.56
128.96
129.3
127.12
130.34
130.18
129.62
126.12
130.12
126.28
126.24
126.24
126.32
130.38
129.34
130.24
129.02
127.76
123.72
130.24
124.34
126.6
126.72
129.54
128.38
125.38
126.24
130.16
128.18
133.18
125.52
131.26
129.56
127.64
125.96
129.74
129.68
128.74
126.92
127.4
131.74
129.92
127.54
131.74
129.68
128.04
131.42
128.58
128.62
127.84
132.62
130.82
127.1
131.3
129.14
131.08
127.88
133.62
132.18
128.96
129.46
127.78
129.88
128.74
129.02
129.72
128.38
128.46
131.0
122.1
127.68
130.12
125.08
127.62
131.28
132.06
129.0
127.96
127.34
126.68
127.52
122.3
133.3
126.66
125.58
126.92
130.18
132.22
126.7
126.86
130.02
126.04
129.64
129.58
129.58
130.02
132.18
132.88
132.4
127.26
130.28
128.82
130.98
129.84
130.4
128.64
131.98
130.16
128.62
130.14
121.36
125.66
129.88
128.26
128.12
123.64
129.7
129.64
129.14
137.02
122.02
126.22
127.82
127.42
127.12
124.7
128.46
130.24
133.54
131.72
131.1
127.14
134.08
131.24
126.92
131.28
128.9
128.72
129.46
132.66
128.92
129.0
130.36
125.14
121.04
122.4
123.8
126.8
125.48
123.46
130.02
130.2
128.6
129.8
131.0
131.8
130.16
122.4
124.76
124.74
129.44
129.32
132.0
130.6
125.64
132.68
132.24
132.96
132.72
131.56
132.98
131.62
128.54
127.32
128.78
129.98
129.38
129.32
127.5
123.82
126.16
131.28
128.92
120.46
129.34
127.2
124.14
124.68
125.56
127.42
128.78
126.56
126.54
130.74
130.84
127.82
127.22
129.46
130.6
132.74
132.7
129.06
130.58
127.7
127.16
126.78
130.28
129.76
127.84
126.14
131.2
131.26
127.48
128.08
129.8
125.88
126.36
129.44
127.22
130.82
133.24
132.06
127.88
129.86
129.08
127.82
130.32
129.14
129.72
127.02
128.02
130.38
132.88
127.42
132.88
128.56
126.08
126.44
130.5
127.98
130.2
133.34
128.64
129.24
133.3
132.04
127.4
130.24
132.22
131.42
129.92
131.64
130.64
128.32
130.4
130.0
131.0
126.42
128.26
133.02
133.02
132.24
131.14
130.88
130.18
132.06
133.48
129.38
129.2
135.04
134.06
136.58
132.72
134.4
133.82
132.46
130.0
126.06
124.44
129.18
130.44
129.92
130.66
125.88
130.86
124.2
128.92
124.68
122.1
129.22
128.82
133.08
132.14
125.94
128.34
129.54
124.48
133.68
130.9
131.04
129.98
133.78
133.2
129.86
127.78
131.82
130.44
124.58
129.26
127.66
127.36
130.84
131.72
133.82
131.8
131.98
131.58
131.2
131.22
128.54
128.22
133.04
132.36
127.94
127.78
128.68
129.52
133.42
133.0
131.0
126.08
127.7
129.4
130.56
130.38
124.3
129.82
129.24
125.82
128.68
128.32
125.98
127.04
131.56
133.44
132.48
133.74
130.5
135.3
133.72
129.28
133.66
133.46
130.64
132.04
127.28
125.9
129.84
123.38
124.86
120.32
131.74
131.66
126.18
127.94
128.6
132.14
127.24
131.94
128.54
128.02
130.4
124.78
126.2
129.32
129.9
131.28
127.3
129.72
128.68
125.0
130.44
133.54
129.86
132.32
129.0
127.34
127.02
129.78
131.12
129.08
129.18
128.34
125.76
127.86
130.76
131.78
127.22
130.94
128.72
131.0
128.92
134.14
128.66
126.28
127.6
128.66
131.48
128.82
129.64
129.6
130.94
129.5
130.64
129.72
128.46
129.96
126.44
132.16
127.42
126.14
128.3
132.08
127.42
136.22
135.86
129.92
129.92
131.92
132.06
133.76
131.18
123.5
123.06
129.38
131.7
129.42
131.68
130.12
130.48
122.64
131.72
128.24
132.4
126.44
129.08
124.06
131.6
125.66
133.78
130.84
128.38
130.06
133.44
130.12
131.08
133.16
129.0
127.24
132.9
129.68
121.86
127.86
128.76
122.66
126.8
128.18
129.0
128.42
126.64
130.72
129.46
129.72
129.56
125.38
125.54
129.74
127.54
125.5
129.74
130.78
128.4
132.78
127.96
124.2
131.86
123.76
124.22
124.34
127.26
124.58
125.32
127.94
129.1
123.1
121.52
130.2
128.94
131.26
126.36
129.58
130.44
127.56
130.64
132.88
130.32
134.8
130.52
131.26
129.26
130.92
133.5
133.74
127.98
129.8
128.04
130.78
127.38
127.3
128.02
126.06
128.98
133.08
125.9
127.94
130.38
125.16
127.12
130.58
130.7
128.88
127.16
127.76
124.7
129.5
130.34
128.2
129.54
130.54
128.72
127.8
129.42
126.1
128.6
126.58
125.06
124.22
128.52
133.32
126.52
125.42
127.52
127.1
131.44
128.68
127.6
130.62
128.18
129.9
130.54
128.1
125.6
130.66
132.02
130.78
130.84
130.26
123.66
128.7
124.22
130.5
126.6
128.34
126.44
131.72
129.8
131.88
132.84
129.08
131.56
132.52
130.22
132.48
128.3
137.44
128.46
126.7
126.34
131.56
129.38
128.16
129.66
126.8
127.72
128.56
125.26
133.76
129.34
124.7
127.94
130.64
131.72
129.7
130.74
129.1
132.84
130.18
133.82
134.1
129.58
130.12
131.1
130.44
127.7
127.0
127.94
131.08
130.52
132.1
131.4
133.96
129.12
129.36
131.88
129.92
133.6
130.82
133.9
130.92
129.14
134.16
130.58
128.58
129.56
129.86
130.34
128.02
127.1
126.84
125.16
125.0
128.74
129.78
128.8
132.14
132.72
129.22
132.6
132.52
127.04
127.38
130.16
130.38
129.6
127.24
131.26
130.36
128.94
126.38
121.64
127.22
131.42
131.9
128.72
123.76
129.04
128.58
127.26
124.86
125.48
124.4
123.4
121.86
123.42
130.98
128.1
129.74
130.52
129.36
129.58
133.62
125.96
124.48
127.82
128.98
128.18
126.34
127.7
129.72
132.4
125.3
122.86
131.24
131.52
130.58
131.9
129.06
128.72
127.06
126.66
129.56
129.06
129.08
126.04
130.76
136.54
126.12
128.32
124.44
124.44
125.22
131.52
130.76
130.38
134.26
133.0
131.54
126.82
130.0
129.6
130.32
132.66
132.56
126.24
130.28
129.24
130.14
126.68
123.94
128.68
128.56
123.3
126.96
127.2
128.58
126.04
133.52
127.68
129.14
134.1
134.16
129.84
127.62
125.04
125.8
130.52
131.36
123.48
129.6
131.22
131.04
130.66
133.36
129.74
128.14
132.78
127.68
131.88
130.3
126.54
128.34
133.68
133.38
133.8
124.2
131.04
131.06
128.88
131.14
131.22
130.46
131.3
130.66
132.5
130.94
127.94
134.86
128.54
127.4
131.1
131.54
130.62
129.04
125.24
130.92
134.72
133.02
133.24
133.54
133.52
131.96
129.92
128.0
131.66
131.7
125.52
133.6
129.26
130.44
129.66
125.92
123.58
125.26
132.76
129.86
130.74
128.6
125.62
126.82
126.62
126.62
127.62
127.58
127.04
129.42
125.42
127.48
130.06
124.68
129.58
129.7
130.46
133.58
132.8
128.92
131.28
129.76
132.82
127.18
131.96
128.2
125.4
127.32
128.76
131.5
134.04
132.86
130.32
132.2
128.62
127.14
129.02
129.36
131.92
127.26
120.7
126.14
129.7
130.26
128.94
130.2
130.78
131.26
127.96
121.82
131.28
131.16
128.32
127.62
128.04
127.08
126.22
129.72
130.58
134.22
127.64
133.7
133.72
133.62
130.44
132.2
131.82
119.84
131.94
125.24
128.42
127.68
132.1
131.86
130.46
133.32
130.6
131.12
130.92
132.02
